152
160
744
184
560
480
592
168
664
112
440
88
712
248
736
184
576
72
352
344
736
128
232
624
648
760
208
240
368
584
528
64
200
536
688
16
272
24
328
376
392
424
464
56
296
376
416
576
752
160
120
304
488
120
472
144
16
336
544
344
688
216
488
144
432
64
696
8
592
760
472
696
776
176
504
664
88
256
464
768
728
408
632
536
264
680
744
216
432
312
192
616
440
336
224
424
192
16
448
48
72
224
512
520
704
560
232
704
672
408
600
136
168
512
720
136
448
32
80
552
520
264
288
496
480
256
288
728
384
320
648
96
720
40
456
456
656
56
568
312
368
680
544
600
360
504
32
280
624
416
496
328
656
392
104
400
280
40
360
320
208
608
152
200
248
304
640
296
584
80
616
8
176
352
112
712
104
240
384
400
672
48
128
552
632
640
528
272
568
608
96
752
221326056
1198314752
1841952720
949259520
469147056
