96
126
564
120
426
366
450
132
504
90
312
48
540
168
558
144
438
60
270
264
558
102
180
474
492
552
162
186
282
444
402
54
156
408
522
12
210
24
252
288
300
324
354
24
228
264
318
438
570
126
96
234
372
72
360
114
12
258
414
240
522
168
372
114
330
54
528
4
450
576
336
504
588
138
384
480
72
198
354
582
528
288
456
384
204
516
564
144
330
216
150
468
336
258
174
324
150
18
342
42
60
174
390
396
534
426
180
534
510
312
432
108
132
390
546
108
342
30
66
420
396
204
222
378
366
198
222
552
294
246
492
78
546
36
348
348
498
48
432
240
282
516
414
456
276
360
30
192
474
318
378
252
498
300
84
306
216
36
276
246
162
462
120
156
192
234
486
228
444
66
468
18
138
270
90
540
84
186
294
306
510
42
102
420
480
486
402
210
408
462
78
570
851141682
1526108848
-1170360322
-1693106232
1154524376
