76
80
372
92
280
240
296
84
332
56
220
44
356
124
368
92
288
36
176
172
368
64
116
312
324
380
104
120
184
292
264
32
100
268
344
8
136
12
164
188
196
212
232
28
148
188
208
288
376
80
60
152
244
60
236
72
8
168
272
172
344
108
244
72
216
32
348
4
296
380
236
348
388
88
252
332
44
128
232
384
364
204
316
268
132
340
372
108
216
156
96
308
220
168
112
212
96
8
224
24
36
112
256
260
352
280
116
352
336
204
300
68
84
256
360
68
224
16
40
276
260
132
144
248
240
128
144
364
192
160
324
48
360
20
228
228
328
28
284
156
184
340
272
300
180
252
16
140
312
208
248
164
328
196
52
200
140
20
180
160
104
304
76
100
124
152
320
148
292
40
308
8
88
176
56
356
52
120
192
200
336
24
64
276
316
320
264
136
284
304
48
376
283871796
1051566816
2044016264
814682880
522562908
