68
88
380
84
272
248
304
92
340
64
212
36
364
116
376
100
296
44
184
180
376
72
124
320
332
372
96
128
176
300
256
40
108
276
336
12
128
20
172
196
204
220
224
20
156
180
216
296
368
88
68
144
252
52
244
64
8
176
280
164
352
116
252
80
208
40
356
4
288
388
228
340
396
96
260
324
52
136
240
392
356
196
308
260
140
348
380
100
224
148
104
316
228
160
120
220
104
8
232
16
44
120
264
268
360
288
124
360
344
212
292
76
92
264
352
76
232
24
48
284
268
140
152
240
248
136
152
372
200
168
332
56
368
28
236
236
336
36
292
164
192
348
280
308
188
244
24
132
304
216
256
172
320
204
60
192
148
28
188
168
112
312
84
108
132
160
328
156
300
32
316
16
80
184
48
364
60
112
200
208
344
32
72
284
324
328
272
144
276
312
56
384
-1008387454
1078175736
2095738194
835332828
522590398
