136
176
760
168
544
496
608
184
680
128
424
72
728
232
752
200
592
88
368
360
752
144
248
640
664
744
192
256
352
600
512
80
216
552
672
24
256
40
344
392
408
440
448
40
312
360
432
592
736
176
136
288
504
104
488
128
16
352
560
328
704
232
504
160
416
80
712
8
576
776
456
680
792
192
520
648
104
272
480
784
712
392
616
520
280
696
760
200
448
296
208
632
456
320
240
440
208
16
464
32
88
240
528
536
720
576
248
720
688
424
584
152
184
528
704
152
464
48
96
568
536
280
304
480
496
272
304
744
400
336
664
112
736
56
472
472
672
72
584
328
384
696
560
616
376
488
48
264
608
432
512
344
640
408
120
384
296
56
376
336
224
624
168
216
264
320
656
312
600
64
632
32
160
368
96
728
120
224
400
416
688
64
144
568
648
656
544
288
552
624
112
768
330471
99673
204445
75138
44952
