726449
18073
13178
8909
8288
8088
8008
9698
7855
7811
7643
7555
7845
9408
9649
7821
41657
12396
10919
20518
17754
15317
26943
16878
11300
9675
8418
16667
7895
7419
7302
7340
7084
7122
7142
6747
6838
6956
6870
6787
6716
6719
9732
7276
6912
6676
6550
6535
6641
6527
6503
6433
6459
6365
6734
6569
6497
6645
6992
16895
7397
6960
6693
11581
7026
7121
6736
8731
6771
6466
6168
6386
9683
9665
23901
12016
9412
9069
9116
9531
9027
6858
6751
6491
6655
18431
9147
9076
8656
7006
6999
11026
9889
6980
10889
7992
6656
8943
16341
10620
10498
10744
40606
11982
10298
9013
7424
38641
10740
9918
9968
10570
9663
9645
9486
9387
9200
9828
9761
12475
12498
13063
15516
13273
12585
12674
11521
14953
46320
19613
10880
9478
9844
9802
17783
6750
5833
5757
5643
5416
5549
12356
5641
5334
19953
7176
6930
7111
7821
8854
22673
9156
8090
7745
7721
7420
6959
7628
6925
6518
18059
8399
7704
7627
8006
8719
8543
8469
8189
8992
11148
11857
11548
11634
11541
11395
11380
10855
10769
11548
11750
7589
7726
8476
8241
46596
58480
9426
7909
9964
8550
38422
24684763
3657419
6186040
2896961
2000635
