15099
2330
1062
579
503
752
462
454
472
531
507
475
448
488
442
470
408
445
449
436
447
423
418
427
409
426
422
484
448
420
405
491
458
419
415
439
396
428
758
504
430
462
437
465
463
476
459
456
434
473
451
435
9276
543
430
432
447
459
408
402
425
405
451
432
2581
973
631
387
454
424
405
394
403
423
432
396
404
436
395
573
467
424
436
433
429
414
421
434
432
435
411
440
428
429
425
437
408
448
451
438
418
407
463
472
428
437
435
436
430
432
434
435
435
425
436
421
424
417
421
464
429
431
409
1215
414
396
435
392
424
441
414
427
418
425
424
410
438
380
433
399
472
402
423
415
403
415
431
442
465
402
453
432
440
383
408
400
394
427
459
393
410
396
383
429
400
384
432
438
430
393
417
407
401
381
395
409
374
395
396
403
393
387
387
407
408
413
399
395
429
583
457
403
872310
283220
603322
216648
133971
