13874
5040
2215
18819
1996
1320
1019
799
894
844
836
871
841
782
768
740
803
859
773
771
822
765
718
830
775
788
768
752
2196
791
764
720
724
759
801
750
728
769
4364
1483
1099
883
842
799
836
752
744
883
811
984
1060
826
759
788
813
766
762
708
750
717
2659
1155
815
792
722
1077
829
2117
1879
1267
1127
913
847
807
2599
716
737
706
657
736
770
808
770
821
823
791
716
703
703
716
699
700
693
667
696
740
682
930
730
1108
1262
769
719
760
1909
815
689
713
710
711
696
676
682
684
721
669
703
662
659
744
668
645
642
1425
736
673
703
1885
744
696
783
699
714
666
713
712
723
714
727
830
813
727
17129
872
666
645
668
688
697
782
708
660
714
659
655
637
629
663
639
655
634
675
659
657
675
635
736
752
702
658
686
685
689
643
642
719
674
704
751
655
712
675
10786
1880
976
802
679
754
659
1067
790
632
3826187
480353
670832
290437
174783
