11348
2936
1908
1567
1404
1126
1930
1890
1908
1396
1375
1235
1387
1169
1222
1772
1044
764
679
526
561
573
540
521
521
553
563
518
497
512
511
509
500
573
488
568
455
528
457
478
454
436
430
439
408
432
414
430
628
526
537
455
449
461
467
460
460
456
792
595
484
478
457
461
500
449
459
337
469
460
495
531
454
515
458
483
485
450
491
468
451
451
465
461
454
461
433
452
442
451
470
447
460
479
497
430
432
520
477
462
495
416
448
413
751
499
452
500
905
818
549
489
490
455
630
676
2423
1619
1462
1433
1087
1063
1879
893
670
585
548
2175
552
533
518
523
524
571
495
508
480
498
681
474
533
494
551
490
535
558
497
545
484
515
454
493
466
506
505
515
484
477
507
530
497
503
509
466
486
522
442
491
446
479
429
431
460
467
473
470
475
544
460
451
449
480
463
539
562
480
947
679
463
791
542
478
2031483
326632
419433
167357
110151
