3496
3054
1014
653
518
660
520
544
425
532
601
493
446
469
517
524
572
545
520
499
488
508
526
526
442
520
537
432
430
435
503
480
510
1314
625
515
461
431
490
424
460
429
513
438
482
470
507
459
459
466
480
537
292
291
314
304
289
287
306
293
274
283
298
325
284
280
287
190
302
278
254
292
255
311
504
510
460
454
443
510
463
429
1020
540
446
508
490
507
464
476
496
545
470
465
518
462
740
512
486
545
429
494
516
573
503
464
426
440
535
479
463
440
479
453
430
454
508
517
532
476
444
523
501
71084
1771
489
397
405
492
453
1541
284
322
271
268
268
307
258
291
287
262
296
297
290
261
293
268
277
293
270
268
273
438
289
292
275
286
298
291
283
268
280
259
273
307
298
298
286
282
312
296
305
274
371
283
292
261
281
280
302
294
273
280
311
294
294
283
281
305
476
298
324
631151
202662
392524
163064
94225
