121655
6400
2878
6251
5793
2366
1929
1676
1625
1591
1655
1792
1659
1625
1569
1541
1657
1535
1673
1601
1577
1635
3192
1590
1566
1551
1568
1567
1513
3445
1611
1554
1556
1609
1579
1502
1551
1621
1563
1517
3842
1616
1593
1544
1595
6212
3129
2464
2052
1894
1861
1762
1666
1599
1684
1694
1676
1671
3590
1750
1651
1563
1619
1738
1653
1747
1631
1442
1617
1601
1630
1590
1659
1713
1643
1638
1572
2521
1671
24867
9155
4294
3443
3581
3357
20269
2805
4274
2062
1776
1710
1904
1814
1713
1789
1650
1870
1687
1667
1642
1579
3650
1692
1777
1667
1685
1614
1545
1771
17715
2028
1658
1616
1665
1597
1482
1525
3919
1755
1642
1620
1552
1553
1503
1548
1571
3272
4944
1607
1654
6131
3127
2016
2023
1612
1494
1565
1533
1566
1575
1671
1531
1569
7436
1548
1505
1520
1590
1640
1552
1537
1700
1574
1537
2122
1608
1538
1492
1565
1595
1636
3279
1487
1494
1549
1503
1556
1498
1569
1529
1511
1499
3330
1634
1505
1517
1512
1526
1587
3391
1559
1589
1478
1556
1527
1567
1517
1618
1514
1536
1510
6078
6127421
856597
1632711
601344
378279
