40562
6098
3653
3499
12524
3719
3388
3402
4325
8753
4125
4020
5265
3138
3129
3058
4768
2793
2912
2882
4834
2798
2875
2923
3026
3054
3674
3074
3145
3004
3054
3800
2952
2817
3058
2607
3029
3009
2988
2978
2966
2927
3551
2905
2878
4987
2857
2964
2848
2842
2769
2743
2856
2848
4615
2857
2924
2756
4894
2688
2944
2829
2895
2856
2763
2817
2939
1983
3007
2858
2787
2736
2887
2936
2839
2781
2816
2755
3103
2989
2873
2760
2791
2958
2892
3124
2972
4891
2610
2708
2678
8535
2824
2601
4760
3279
4361
2940
2758
2803
2756
2802
2777
2671
2629
2750
3323
2650
4780
2628
2532
2650
4496
3468
3764
3758
3000
10275
4979
3242
2909
10973
2610
2712
2585
2391
2456
3589
3560
2443
2469
2258
2533
11551
4998
4581
4460
8403
3849
4160
4234
4802
4272
4368
4394
4488
3997
3922
4028
4631
4546
4132
4676
4641
5733
3378
2827
2628
5993
2382
11541
3802
7435
4507
4167
4132
4741
11342
2575
2350
18785
2491
2161
3252
5249
4129
3584
2334
2073
2040
2109
2173
2096
5773
1967
2057
2036
3629
1921
2273
2204
2000
4768467
896691
1344507
747148
228607
