26694
12319
1756
1150
861
807
794
848
718
736
780
712
743
762
761
738
745
718
704
714
766
705
706
738
814
765
769
778
726
720
741
736
705
714
691
747
823
772
736
698
750
827
744
769
728
726
770
770
746
711
705
692
742
720
750
704
1117
772
839
746
727
735
720
764
713
718
735
701
682
748
740
787
754
734
709
727
714
1108
787
756
882
799
762
781
747
748
772
704
706
711
705
719
696
723
719
685
732
1039
752
760
770
783
766
752
877
717
748
746
720
731
748
742
750
747
722
742
751
726
724
808
732
746
765
751
753
762
729
1742
843
714
761
752
755
720
724
765
752
723
798
748
746
716
727
760
730
729
721
704
721
714
719
694
746
744
734
712
707
697
737
774
748
726
736
717
714
729
752
736
763
718
735
751
717
753
737
729
714
752
738
741
760
763
727
747
746
760
734
718
747
1075
721
781
2320076827
696200496
1353095639
550840399
189701662
