6300
3099
1339
767
646
718
657
651
604
736
756
662
630
604
608
586
631
601
657
600
605
588
591
624
619
624
612
597
600
681
654
667
572
644
607
595
598
611
605
599
575
667
627
588
580
580
619
626
3520
797
986
3336
1162
841
583
635
729
633
761
655
663
628
603
768
638
616
642
533
639
632
603
615
638
755
567
622
630
613
638
624
642
606
650
633
604
627
636
616
562
615
602
1290
655
629
610
578
592
589
572
598
571
599
4397
1200
778
539
696
561
978
747
566
595
624
607
572
626
591
570
585
607
573
585
588
579
582
595
584
2820
675
619
647
589
605
611
661
608
615
602
625
605
631
654
622
606
645
599
582
623
623
597
683
610
625
612
617
621
608
597
602
594
648
660
648
620
670
649
655
647
645
601
605
561
606
642
626
604
582
580
636
560
569
582
555
614
632
590
772
634
589
556
570
557
2564857
475781
872700
421436
253400
