19790
4124
1713
1127
1132
1147
1180
1111
1120
1169
1169
1154
1125
1157
5097
25945
1522
802
739
663
663
622
705
654
633
781
628
660
637
661
646
648
631
653
664
622
642
631
628
638
629
647
736
644
644
650
651
662
656
653
681
619
642
688
644
638
1055
705
654
642
655
648
628
631
658
648
680
678
691
658
637
645
659
668
672
663
647
636
667
704
669
650
665
674
634
1396
663
689
1179
1171
1093
1167
784
635
629
629
1137
787
636
5181
757
652
701
675
740
664
667
641
652
632
613
649
653
621
655
621
636
615
634
650
637
639
641
654
656
635
641
1314
657
874
671
639
1082
689
612
628
636
1027
802
681
658
697
764
652
664
679
667
671
686
660
689
668
770
656
655
660
688
695
678
663
661
1123
1170
1147
1145
1133
802
641
656
642
648
635
657
651
647
657
638
628
665
634
653
641
630
650
650
656
653
656
641
634
643
635
16960216934
30871679263
31556588476
31369664325
19434221628
