2629
2978
1447
868
866
1118
724
681
624
841
454
409
405
459
416
371
395
426
403
10231
602
368
386
371
380
379
386
428
369
375
395
400
430
399
404
375
383
376
444
488
384
472
372
369
504
356
384
377
368
357
392
428
372
629
370
378
389
398
406
430
399
423
364
430
384
356
2083
601
3265
1052
675
468
382
442
461
384
437
429
364
413
429
418
370
426
416
373
424
434
401
387
409
397
398
419
396
361
420
435
390
457
433
1745
398
432
429
404
418
402
544
648
438
431
381
421
434
356
429
439
397
372
413
426
365
1680
468
369
402
435
2072
482
446
433
368
401
482
408
362
388
390
407
415
409
1752
377
436
425
413
413
404
348
423
427
422
432
409
417
412
414
415
392
393
414
403
384
431
438
408
426
416
387
392
390
373
405
423
435
388
501
436
400
442
457
433
377
428
433
393
447
449
421
439
432
2723227
692916
1343864
612962
343021
