7754
23495
1480
1060
19158
2827
1355
919
865
773
779
717
734
678
657
705
676
693
754
641
656
669
723
752
671
672
687
708
696
699
645
648
672
727
642
680
659
767
854
740
686
667
702
670
663
659
706
727
685
660
683
657
667
709
676
643
706
653
734
719
699
658
659
713
684
670
730
581
703
686
2012
690
692
1103
1088
4107
24868
1726
1159
967
11095
1541
890
796
741
748
735
704
709
739
2005
699
706
726
660
677
667
641
693
691
2051
656
729
700
666
690
696
701
658
717
2043
661
730
682
673
657
682
669
691
780
2214
648
706
861
708
2381
694
5477
2221
1192
958
811
763
721
706
5284
1446
1379
898
735
775
723
681
693
731
692
726
1780
1016
830
753
764
756
763
855
840
12089
1868
1013
765
758
805
652
927
739
666
701
681
674
650
660
657
643
634
695
706
662
727
667
634
635
682
625
689
659
635
612
660
646
598
660
626
2863569
675335
867303
447157
217109
