1 2 1 31
1 2 1 36
1 2 1 185
1 2 1 39
1 2 1 134
1 2 1 120
1 2 1 146
1 2 1 37
1 2 1 163
1 2 1 26
1 2 1 103
1 2 1 15
1 2 1 173
1 2 1 55
1 2 1 184
1 2 1 43
1 2 1 144
1 2 1 17
1 2 1 84
1 2 1 83
1 2 1 180
1 2 1 32
1 2 1 53
1 2 1 154
1 2 1 157
1 2 1 183
1 2 1 46
1 2 1 58
1 2 1 86
1 2 1 141
1 2 1 126
1 2 1 12
1 2 1 45
1 2 1 131
1 2 1 166
1 2 1 1
1 2 1 62
1 2 1 3
1 2 1 77
1 2 1 91
1 2 1 93
1 2 1 105
1 2 1 110
1 2 1 7
1 2 1 73
1 2 1 87
1 2 1 100
1 2 1 140
1 2 1 182
1 2 1 40
1 2 1 27
1 2 1 70
1 2 1 121
1 2 1 23
1 2 1 115
1 2 1 30
1 2 1 -1
1 2 1 82
1 2 1 136
1 2 1 79
1 2 1 170
1 2 1 51
1 2 1 117
1 2 1 34
1 2 1 102
1 2 1 16
1 2 1 171
1 2
1 2 1 142
1 2 1 187
1 2 1 111
1 2 1 167
1 2 1 189
1 2 1 42
1 2 1 123
1 2 1 159
1 2 1 19
1 2 1 64
1 2 1 114
1 2 1 188
1 2 1 175
1 2 1 95
1 2 1 151
1 2 1 127
1 2 1 65
1 2 1 165
1 2 1 181
1 2 1 47
1 2 1 106
1 2 1 71
1 2 1 48
1 2 1 149
1 2 1 107
1 2 1 78
1 2 1 56
1 2 1 101
1 2 1 44
1 2 1 -2
1 2 1 112
1 2 1 6
1 2 1 13
1 2 1 52
1 2 1 128
1 2 1 129
1 2 1 172
1 2 1 138
1 2 1 57
1 2 1 176
1 2 1 164
1 2 1 99
1 2 1 143
1 2 1 29
1 2 1 41
1 2 1 124
1 2 1 174
1 2 1 33
1 2 1 108
1 2 1 4
1 2 1 18
1 2 1 137
1 2 1 125
1 2 1 61
1 2 1 68
1 2 1 118
1 2 1 116
1 2 1 60
1 2 1 72
1 2 1 179
1 2 1 96
1 2 1 80
1 2 1 161
1 2 1 24
1 2 1 178
1 2 1 5
1 2 1 109
1 2 1 113
1 2 1 162
1 2 1 11
1 2 1 139
1 2 1 75
1 2 1 90
1 2 1 169
1 2 1 132
1 2 1 147
1 2 1 89
1 2 1 119
1 2 1 8
1 2 1 63
1 2 1 150
1 2 1 104
1 2 1 122
1 2 1 81
1 2 1 158
1 2 1 97
1 2 1 21
1 2 1 94
1 2 1 67
1 2 1 9
1 2 1 85
1 2 1 76
1 2 1 50
1 2 1 148
1 2 1 35
1 2 1 49
1 2 1 59
1 2 1 74
1 2 1 156
1 2 1 69
1 2 1 145
1 2 1 14
1 2 1 153
2 2
1 2 1 38
1 2 1 88
1 2 1 22
1 2 1 177
1 2 1 25
1 2 1 54
1 2 1 92
1 2 1 98
1 2 1 168
1 2 1 10
1 2 1 28
1 2 1 133
1 2 1 155
1 2 1 160
1 2 1 130
1 2 1 66
1 2 1 135
1 2 1 152
1 2 1 20
1 2 1 186
1 1 1 -1 1 79 1 -68 1 1 1 -12 1 3 1 -4 1 2 1 -1 1 1 1 8 1 1 1 3 1 16830 1 7733 1 -24576 11 1 1 53 11 1 1 53 11 1 1 61 5 1 1 19 1 1 1 653 13 1 1 53 13 1 1 51 13 1 1 59 5 1 1 673 13 1 1 51 15 1 1 49 15 1 1 57 5 1 1 23 1 1 1 649 13 1 1 49 17 1 1 47 17 1 1 55 1 1 1 3 1 1 1 23 1 1 1 651 11 1 1 47 19 1 1 45 19 1 1 53 1 1 1 3 1 1 1 23 1 1 1 651 11 1 1 45 21 1 1 43 21 1 1 55 1 1 1 23 1 1 1 651 11 1 1 45 21 1 1 43 21 1 1 43 1 1 1 33 1 1 1 653 9 1 1 45 21 1 1 43 21 1 1 41 1 1 1 33 1 1 1 653 9 1 1 45 21 1 1 43 21 1 1 39 1 1 1 11 1 1 1 21 1 1 1 653 9 1 1 45 21 1 1 43 21 1 1 37 1 1 1 11 3 1 1 19 1 1 1 653 9 1 1 45 21 1 1 43 21 1 1 35 3 1 1 9 3 1 1 19 3 1 1 651 9 1 1 45 21 1 1 43 21 1 1 33 3 1 1 9 5 1 1 17 3 1 1 651 9 1 1 45 21 1 1 43 21 1 1 31 3 1 1 9 5 1 1 19 1 1 1 643 1 1 1 7 9 1 1 45 21 1 1 43 21 1 1 29 3 1 1 9 5 1 1 663 1 1 1 7 9 1 1 45 21 1 1 43 21 1 1 27 3 1 1 9 7 1 1 661 1 1 1 7 9 1 1 45 21 1 1 43 21 1 1 25 3 1 1 11 5 1 1 545 1 1 1 115 1 1 1 7 9 1 1 45 21 1 1 43 21 1 1 23 3 1 1 13 3 1 1 545 3 1 1 113 1 1 1 7 9 1 1 45 21 1 1 43 21 1 1 23 1 1 1 13 3 1 1 539 1 1 1 5 3 1 1 113 1 1 1 7 9 1 1 45 21 1 1 43 21 1 1 21 1 1 1 15 3 1 1 537 1 1 1 5 3 1 1 113 1 1 1 7 9 1 1 45 21 1 1 43 21 1 1 19 1 1 1 15 3 1 1 537 1 1 1 5 3 1 1 113 1 1 1 7 9 1 1 45 21 1 1 43 21 1 1 33 5 1 1 535 1 1 1 5 3 1 1 5 1 1 1 107 1 1 1 7 9 1 1 45 21 1 1 43 21 1 1 33 3 1 1 535 1 1 1 5 3 1 1 5 1 1 1 107 1 1 1 7 9 1 1 45 21 1 1 43 21 1 1 31 5 1 1 533 1 1 1 5 3 1 1 5 1 1 1 115 9 1 1 45 21 1 1 43 21 1 1 13 1 1 1 17 3 1 1 533 1 1 1 5 3 1 1 5 1 1 1 115 9 1 1 45 21 1 1 43 21 1 1 11 1 1 1 17 3 1 1 533 1 1 1 5 3 1 1 5 1 1 1 101 1 1 1 13 9 1 1 45 21 1 1 43 21 1 1 9 1 1 1 17 3 1 1 533 3 1 1 5 1 1 1 107 1 1 1 13 11 1 1 43 21 1 1 43 21 1 1 7 1 1 1 17 5 1 1 527 9 1 1 111 1 1 1 13 9 1 1 45 19 1 1 45 21 1 1 5 1 1 1 17 5 1 1 527 3 1 1 3 3 1 1 111 1 1 1 13 7 1 1 47 17 1 1 47 19 1 1 5 1 1 1 19 3 1 1 527 3 1 1 3 3 1 1 5 3 1 1 103 1 1 1 13 5 1 1 49 15 1 1 49 17 1 1 5 1 1 1 19 3 1 1 527 3 1 1 3 3 1 1 5 3 1 1 103 1 1 1 13 3 1 1 51 13 1 1 51 15 1 1 5 1 1 1 19 5 1 1 525 3 1 1 3 3 1 1 5 3 1 1 103 1 1 1 13 1 1 1 53 11 1 1 53 13 1 1 5 1 1 1 21 3 1 1 525 3 1 1 3 3 1 1 5 3 1 1 103 1 1 1 65 11 1 1 55 11 1 1 5 1 1 1 21 3 1 1 23 1 1 1 501 3 1 1 3 3 1 1 5 3 1 1 103 1 1 1 13 9 1 1 53 11 1 1 61 5 1 1 19 3 1 1 541 1 1 1 109 13 1 1 51 13 1 1 59 5 1 1 19 5 1 1 539 3 1 1 107 13 1 1 49 15 1 1 57 5 1 1 21 3 1 1 539 3 1 1 107 13 1 1 47 17 1 1 55 5 1 1 21 3 1 1 541 1 1 1 107 13 1 1 45 19 1 1 53 1 1 1 3 1 1 1 21 3 1 1 541 1 1 1 107 13 1 1 43 21 1 1 51 1 1 1 3 1 1 1 23 1 1 1 541 1 1 1 109 11 1 1 43 21 1 1 43 1 1 1 9 1 1 1 23 1 1 1 653 9 1 1 43 21 1 1 41 1 1 1 11 1 1 1 21 1 1 1 653 9 1 1 43 21 1 1 39 1 1 1 11 3 1 1 19 3 1 1 651 9 1 1 43 21 1 1 37 3 1 1 9 3 1 1 19 3 1 1 651 9 1 1 43 21 1 1 35 3 1 1 9 5 1 1 17 3 1 1 651 9 1 1 43 21 1 1 33 3 1 1 9 5 1 1 17 5 1 1 649 9 1 1 43 21 1 1 31 3 1 1 9 5 1 1 17 5 1 1 641 1 1 1 7 9 1 1 43 21 1 1 29 3 1 1 9 7 1 1 17 3 1 1 641 1 1 1 7 9 1 1 43 21 1 1 27 3 1 1 9 7 1 1 17 3 1 1 525 1 1 1 115 1 1 1 7 9 1 1 43 21 1 1 25 3 1 1 9 7 1 1 19 3 1 1 523 3 1 1 113 1 1 1 7 9 1 1 43 21 1 1 23 3 1 1 11 5 1 1 19 3 1 1 523 3 1 1 113 1 1 1 7 9 1 1 43 21 1 1 23 1 1 1 13 5 1 1 17 3 1 1 517 1 1 1 5 3 1 1 11 1 1 1 101 1 1 1 7 9 1 1 43 21 1 1 21 1 1 1 13 5 1 1 19 3 1 1 515 1 1 1 5 3 1 1 5 1 1 1 5 1 1 1 101 1 1 1 7 9 1 1 43 21 1 1 19 1 1 1 15 5 1 1 17 5 1 1 513 1 1 1 5 3 1 1 5 1 1 1 5 1 1 1 101 1 1 1 7 9 1 1 43 21 1 1 33 5 1 1 19 5 1 1 511 1 1 1 5 3 1 1 5 1 1 1 5 1 1 1 101 1 1 1 7 9 1 1 43 21 1 1 31 7 1 1 17 5 1 1 511 1 1 1 5 3 1 1 5 1 1 1 107 1 1 1 7 9 1 1 43 21 1 1 15 1 1 1 15 5 1 1 17 5 1 1 511 1 1 1 5 3 1 1 5 1 1 1 107 1 1 1 7 9 1 1 43 21 1 1 13 1 1 1 15 5 1 1 19 3 1 1 511 1 1 1 5 3 1 1 5 1 1 1 101 1 1 1 13 9 1 1 43 21 1 1 11 1 1 1 17 3 1 1 19 5 1 1 509 1 1 1 5 3 1 1 5 1 1 1 101 1 1 1 13 9 1 1 43 21 1 1 9 1 1 1 17 5 1 1 17 5 1 1 509 3 1 1 5 1 1 1 5 1 1 1 101 1 1 1 13 9 1 1 43 21 1 1 7 1 1 1 17 5 1 1 19 3 1 1 505 9 1 1 111 1 1 1 13 7 1 1 45 21 1 1 5 1 1 1 17 5 1 1 21 3 1 1 503 3 1 1 3 3 1 1 111 1 1 1 13 5 1 1 47 19 1 1 5 1 1 1 17 5 1 1 21 3 1 1 503 3 1 1 3 3 1 1 5 3 1 1 103 1 1 1 13 3 1 1 49 17 1 1 5 1 1 1 19 5 1 1 21 1 1 1 503 3 1 1 3 3 1 1 5 3 1 1 103 1 1 1 13 1 1 1 51 15 1 1 5 1 1 1 19 5 1 1 21 3 1 1 501 3 1 1 3 3 1 1 5 3 1 1 103 1 1 1 65 13 1 1 5 1 1 1 19 5 1 1 21 3 1 1 501 3 1 1 3 3 1 1 5 3 1 1 103 1 1 1 13 9 1 1 61 5 1 1 19 5 1 1 19 3 1 1 517 3 1 1 107 13 1 1 59 5 1 1 19 5 1 1 19 3 1 1 517 3 1 1 107 13 1 1 57 5 1 1 19 5 1 1 19 3 1 1 517 3 1 1 3 1 1 1 103 13 1 1 55 5 1 1 19 5 1 1 21 1 1 1 517 3 1 1 3 1 1 1 103 13 1 1 53 1 1 1 3 1 1 1 21 3 1 1 21 1 1 1 517 3 1 1 3 1 1 1 103 13 1 1 51 1 1 1 3 1 1 1 21 3 1 1 541 1 1 1 3 1 1 1 103 13 1 1 43 1 1 1 9 3 1 1 21 1 1 1 43 1 1 1 497 1 1 1 111 9 1 1 41 1 1 1 9 5 1 1 19 3 1 1 41 1 1 1 609 9 1 1 39 1 1 1 11 3 1 1 19 3 1 1 41 1 1 1 609 9 1 1 37 3 1 1 9 5 1 1 17 3 1 1 21 1 1 1 629 9 1 1 35 3 1 1 9 5 1 1 17 5 1 1 19 1 1 1 629 9 1 1 33 3 1 1 9 5 1 1 17 5 1 1 19 3 1 1 21 1 1 1 605 9 1 1 31 3 1 1 9 7 1 1 15 5 1 1 19 3 1 1 21 1 1 1 597 1 1 1 7 9 1 1 29 3 1 1 9 7 1 1 15 7 1 1 17 3 1 1 21 1 1 1 597 1 1 1 7 9 1 1 27 3 1 1 9 7 1 1 17 5 1 1 19 1 1 1 503 1 1 1 115 1 1 1 7 9 1 1 25 3 1 1 9 7 1 1 17 5 1 1 19 3 1 1 501 3 1 1 113 1 1 1 7 9 1 1 23 3 1 1 9 9 1 1 17 3 1 1 19 3 1 1 501 3 1 1 11 1 1 1 101 1 1 1 7 9 1 1 23 1 1 1 11 7 1 1 17 5 1 1 17 3 1 1 495 1 1 1 5 3 1 1 5 1 1 1 5 1 1 1 3 1 1 1 97 1 1 1 7 9 1 1 21 1 1 1 13 7 1 1 15 7 1 1 17 3 1 1 493 1 1 1 5 3 1 1 5 1 1 1 5 1 1 1 3 1 1 1 97 1 1 1 7 9 1 1 19 1 1 1 13 7 1 1 17 7 1 1 15 3 1 1 493 1 1 1 5 3 1 1 5 1 1 1 5 1 1 1 3 1 1 1 97 1 1 1 7 9 1 1 17 1 1 1 15 5 1 1 17 7 1 1 17 1 1 1 493 1 1 1 5 3 1 1 5 1 1 1 5 1 1 1 3 3 1 1 95 1 1 1 7 9 1 1 31 7 1 1 15 7 1 1 17 3 1 1 491 1 1 1 5 3 1 1 5 1 1 1 5 1 1 1 5 1 1 1 95 1 1 1 7 9 1 1 15 1 1 1 13 7 1 1 17 7 1 1 15 3 1 1 23 1 1 1 467 1 1 1 5 3 1 1 5 1 1 1 5 1 1 1 5 1 1 1 95 1 1 1 7 9 1 1 13 1 1 1 15 5 1 1 17 7 1 1 17 1 1 1 491 1 1 1 5 3 1 1 5 1 1 1 11 1 1 1 89 1 1 1 13 9 1 1 11 1 1 1 15 7 1 1 17 5 1 1 17 3 1 1 489 3 1 1 3 3 1 1 5 1 1 1 11 1 1 1 89 1 1 1 13 9 1 1 9 1 1 1 17 5 1 1 17 7 1 1 15 3 1 1 489 9 1 1 5 1 1 1 101 1 1 1 13 9 1 1 7 1 1 1 17 5 1 1 17 7 1 1 15 3 1 1 485 1 1 1 3 5 1 1 3 1 1 1 5 1 1 1 101 1 1 1 13 9 1 1 5 1 1 1 17 5 1 1 19 5 1 1 17 3 1 1 483 3 1 1 3 3 1 1 5 3 1 1 103 1 1 1 13 7 1 1 5 1 1 1 17 7 1 1 19 5 1 1 15 3 1 1 483 3 1 1 3 3 1 1 5 3 1 1 103 1 1 1 13 5 1 1 5 1 1 1 19 5 1 1 19 5 1 1 17 1 1 1 483 3 1 1 3 3 1 1 5 3 1 1 103 1 1 1 13 3 1 1 5 1 1 1 19 5 1 1 19 5 1 1 17 3 1 1 481 3 1 1 3 3 1 1 5 3 1 1 103 1 1 1 13 1 1 1 5 1 1 1 19 5 1 1 21 3 1 1 17 3 1 1 481 3 1 1 3 3 1 1 5 3 1 1 103 1 1 1 17 1 1 1 19 5 1 1 21 3 1 1 17 3 1 1 481 3 1 1 3 3 1 1 5 3 1 1 103 1 1 1 13 1 1 1 9 7 1 1 15 5 1 1 19 3 1 1 17 7 1 1 23 1 1 1 571 1 1 1 15 7 1 1 17 5 1 1 17 5 1 1 19 5 1 1 23 1 1 1 453 3 1 1 11 1 1 1 3 1 1 1 97 1 1 1 23 7 1 1 15 7 1 1 15 5 1 1 23 3 1 1 457 9 1 1 5 5 1 1 101 1 1 1 13 3 1 1 19 5 1 1 19 3 1 1 17 3 1 1 23 7 1 1 19 1 1 1 447 3 1 1 3 1 1 1 103 5 1 1 19 5 1 1 19 3 1 1 17 3 1 1 23 5 1 1 19 3 1 1 447 3 1 1 3 1 1 1 103 3 1 1 19 5 1 1 19 3 1 1 17 5 1 1 21 7 1 1 17 3 1 1 23 1 1 1 423 3 1 1 3 1 1 1 5 1 1 1 97 9 1 1 15 7 1 1 17 3 1 1 17 7 1 1 23 3 1 1 17 3 1 1 23 1 1 1 431 3 1 1 91 1 1 1 7 3 1 1 15 7 1 1 17 5 1 1 15 9 1 1 21 3 1 1 17 5 1 1 21 1 1 1 431 3 1 1 91 1 1 1 7 3 1 1 13 9 1 1 15 5 1 1 17 7 1 1 21 5 1 1 15 7 1 1 21 1 1 1 407 3 1 1 11 1 1 1 3 1 1 1 5 1 1 1 91 1 1 1 7 3 1 1 13 11 1 1 11 9 1 1 15 9 1 1 19 5 1 1 15 7 1 1 21 3 1 1 397 1 1 1 5 3 1 1 5 1 1 1 5 1 1 1 3 3 1 1 5 3 1 1 87 1 1 1 7 3 1 1 15 7 1 1 15 5 1 1 19 7 1 1 19 5 1 1 19 1 1 1 421 1 1 1 5 3 1 1 5 1 1 1 5 1 1 1 3 3 1 1 5 1 1 1 89 1 1 1 7 3 1 1 13 11 1 1 11 9 1 1 17 7 1 1 19 5 1 1 17 5 1 1 23 1 1 1 393 1 1 1 5 3 1 1 5 1 1 1 5 1 1 1 3 3 1 1 5 1 1 1 83 1 1 1 5 1 1 1 7 3 1 1 13 11 1 1 11 9 1 1 15 11 1 1 17 5 1 1 17 5 1 1 21 5 1 1 389 15 1 1 11 1 1 1 89 1 1 1 13 1 1 1 17 7 1 1 13 7 1 1 21 5 1 1 19 5 1 1 17 5 1 1 23 1 1 1 385 3 1 1 3 3 1 1 5 3 1 1 103 1 1 1 33 3 1 1 17 3 1 1 23 3 1 1 21 3 1 1 19 3 1 1 409 3 1 1 3 3 1 1 5 3 1 1 103 1 1 1 13 3 1 1 19 3 1 1 17 3 1 1 23 7 1 1 17 3 1 1 19 1 1 1 427 3 1 1 3 1 1 1 103 5 1 1 19 3 1 1 17 5 1 1 21 7 1 1 17 3 1 1 21 3 1 1 423 3 1 1 3 1 1 1 5 1 1 1 97 7 1 1 15 7 1 1 13 9 1 1 17 9 1 1 17 5 1 1 17 7 1 1 19 5 1 1 45 3 1 1 347 3 1 1 3 1 1 1 5 3 1 1 5 1 1 1 5 1 1 1 7 1 1 1 75 1 1 1 3 3 1 1 17 5 1 1 15 7 1 1 21 5 1 1 17 5 1 1 19 5 1 1 21 1 1 1 407 3 1 1 7 1 1 1 83 1 1 1 7 1 1 1 17 5 1 1 17 7 1 1 21 5 1 1 15 7 1 1 19 3 1 1 407 1 1 1 13 1 1 1 3 1 1 1 5 3 1 1 5 1 1 1 83 1 1 1 7 5 1 1 13 5 1 1 17 9 1 1 19 5 1 1 15 7 1 1 19 7 1 1 19 1 1 1 375 1 1 1 5 3 1 1 5 1 1 1 5 1 1 1 3 3 1 1 5 3 1 1 87 1 1 1 7 3 1 1 15 5 1 1 19 7 1 1 19 5 1 1 17 5 1 1 21 3 1 1 395 1 1 1 5 3 1 1 5 1 1 1 5 1 1 1 3 3 1 1 5 3 1 1 87 1 1 1 7 3 1 1 13 7 1 1 17 9 1 1 17 7 1 1 17 5 1 1 21 3 1 1 23 1 1 1 369 1 1 1 5 3 1 1 5 1 1 1 5 1 1 1 3 3 1 1 5 1 1 1 89 1 1 1 7 3 1 1 13 7 1 1 17 7 1 1 19 5 1 1 17 5 1 1 21 5 1 1 21 1 1 1 369 1 1 1 5 3 1 1 5 1 1 1 5 1 1 1 3 3 1 1 5 1 1 1 83 1 1 1 13 1 1 1 15 5 1 1 19 7 1 1 19 5 1 1 17 5 1 1 21 5 1 1 389 5 1 1 9 1 1 1 11 1 1 1 89 1 1 1 13 1 1 1 15 5 1 1 21 5 1 1 19 5 1 1 17 5 1 1 21 5 1 1 389 3 1 1 5 3 1 1 103 1 1 1 29 3 1 1 23 3 1 1 21 3 1 1 19 3 1 1 23 3 1 1 389 3 1 1 5 3 1 1 103 1 1 1 13 1 1 1 17 3 1 1 23 7 1 1 17 3 1 1 19 5 1 1 21 3 1 1 399 3 1 1 3 1 1 1 103 3 1 1 17 5 1 1 21 7 1 1 17 3 1 1 19 5 1 1 21 3 1 1 399 3 1 1 3 1 1 1 5 1 1 1 7 1 1 1 5 1 1 1 83 1 1 1 3 1 1 1 17 7 1 1 21 5 1 1 17 5 1 1 19 5 1 1 21 1 1 1 407 3 1 1 7 1 1 1 91 1 1 1 17 9 1 1 19 5 1 1 15 7 1 1 19 7 1 1 17 5 1 1 381 1 1 1 13 1 1 1 3 1 1 1 5 5 1 1 3 1 1 1 83 1 1 1 7 1 1 1 17 9 1 1 19 5 1 1 15 7 1 1 19 7 1 1 19 3 1 1 379 3 1 1 5 1 1 1 5 1 1 1 3 3 1 1 5 3 1 1 5 1 1 1 81 1 1 1 7 1 1 1 19 7 1 1 19 5 1 1 17 5 1 1 19 7 1 1 21 3 1 1 369 1 1 1 5 3 1 1 5 1 1 1 5 1 1 1 3 3 1 1 5 3 1 1 5 1 1 1 81 1 1 1 7 3 1 1 17 7 1 1 19 5 1 1 17 5 1 1 21 5 1 1 21 7 1 1 363 1 1 1 5 3 1 1 5 1 1 1 5 1 1 1 3 3 1 1 5 1 1 1 97 1 1 1 19 7 1 1 19 5 1 1 17 5 1 1 21 5 1 1 23 7 1 1 361 1 1 1 11 1 1 1 11 1 1 1 89 1 1 1 13 1 1 1 21 5 1 1 19 5 1 1 17 5 1 1 21 5 1 1 27 3 1 1 359 3 1 1 5 3 1 1 103 1 1 1 35 3 1 1 21 3 1 1 19 3 1 1 23 3 1 1 27 3 1 1 359 3 1 1 5 3 1 1 103 1 1 1 13 1 1 1 23 7 1 1 17 3 1 1 19 5 1 1 21 3 1 1 399 3 1 1 3 1 1 1 21 3 1 1 79 1 1 1 3 1 1 1 21 7 1 1 17 3 1 1 19 7 1 1 19 5 1 1 397 3 1 1 3 1 1 1 5 1 1 1 7 1 1 1 5 1 1 1 3 1 1 1 79 1 1 1 3 3 1 1 19 7 1 1 17 5 1 1 17 7 1 1 21 3 1 1 45 3 1 1 347 3 1 1 3 1 1 1 5 3 1 1 5 1 1 1 5 1 1 1 7 1 1 1 79 3 1 1 21 5 1 1 17 5 1 1 19 5 1 1 21 3 1 1 21 1 1 1 23 1 1 1 359 3 1 1 7 1 1 1 91 3 1 1 21 5 1 1 15 7 1 1 17 7 1 1 19 5 1 1 19 5 1 1 19 3 1 1 353 1 1 1 3 3 1 1 7 1 1 1 91 1 1 1 21 5 1 1 15 7 1 1 19 7 1 1 17 7 1 1 17 5 1 1 371 1 1 1 3 1 1 1 5 5 1 1 3 3 1 1 81 1 1 1 7 3 1 1 19 5 1 1 15 7 1 1 19 7 1 1 17 9 1 1 17 3 1 1 355 3 1 1 5 1 1 1 5 1 1 1 3 3 1 1 5 3 1 1 3 3 1 1 81 1 1 1 7 5 1 1 17 5 1 1 17 5 1 1 19 7 1 1 17 11 1 1 15 3 1 1 23 1 1 1 323 1 1 1 5 3 1 1 5 1 1 1 5 1 1 1 3 3 1 1 5 3 1 1 5 1 1 1 81 1 1 1 7 3 1 1 17 7 1 1 15 7 1 1 17 9 1 1 19 11 1 1 13 7 1 1 19 1 1 1 321 1 1 1 5 3 1 1 5 1 1 1 5 1 1 1 3 3 1 1 5 3 1 1 95 1 1 1 19 5 1 1 17 5 1 1 21 5 1 1 19 11 1 1 13 9 1 1 339 1 1 1 5 3 1 1 5 1 1 1 5 1 1 1 3 3 1 1 5 3 1 1 95 1 1 1 19 5 1 1 17 5 1 1 21 5 1 1 21 9 1 1 15 7 1 1 17 1 1 1 333 1 1 1 11 1 1 1 89 1 1 1 13 1 1 1 17 7 1 1 17 5 1 1 21 5 1 1 23 7 1 1 17 5 1 1 15 3 1 1 319 3 1 1 5 3 1 1 103 1 1 1 33 3 1 1 19 3 1 1 23 3 1 1 27 3 1 1 19 3 1 1 339 1 1 1 5 3 1 1 117 5 1 1 17 3 1 1 19 5 1 1 21 3 1 1 399 3 1 1 3 1 1 1 13 1 1 1 5 5 1 1 79 1 1 1 3 3 1 1 17 3 1 1 19 7 1 1 19 5 1 1 397 3 1 1 3 1 1 1 5 1 1 1 7 1 1 1 5 5 1 1 79 1 1 1 3 1 1 1 17 3 1 1 19 7 1 1 19 5 1 1 47 1 1 1 349 3 1 1 3 1 1 1 5 1 1 1 7 1 1 1 5 5 1 1 3 1 1 1 7 1 1 1 67 1 1 1 3 1 1 1 15 5 1 1 17 9 1 1 17 7 1 1 45 3 1 1 17 1 1 1 329 3 1 1 3 1 1 1 5 3 1 1 5 1 1 1 5 1 1 1 3 1 1 1 3 1 1 1 7 1 1 1 67 1 1 1 3 1 1 1 17 5 1 1 19 5 1 1 21 5 1 1 19 3 1 1 19 5 1 1 357 3 1 1 7 1 1 1 91 1 1 1 15 7 1 1 19 7 1 1 17 7 1 1 17 7 1 1 21 3 1 1 15 1 1 1 329 1 1 1 3 1 1 1 5 5 1 1 3 3 1 1 7 1 1 1 81 3 1 1 13 7 1 1 19 7 1 1 17 9 1 1 15 7 1 1 21 3 1 1 15 1 1 1 313 1 1 1 7 1 1 1 5 1 1 1 3 3 1 1 5 3 1 1 3 3 1 1 7 1 1 1 73 1 1 1 7 1 1 1 17 5 1 1 19 7 1 1 17 11 1 1 15 5 1 1 19 5 1 1 327 3 1 1 5 1 1 1 5 1 1 1 3 3 1 1 5 3 1 1 5 1 1 1 89 3 1 1 13 9 1 1 17 7 1 1 19 11 1 1 13 9 1 1 15 5 1 1 327 1 1 1 5 1 1 1 5 1 1 1 3 3 1 1 5 3 1 1 17 1 1 1 77 1 1 1 17 5 1 1 21 5 1 1 19 11 1 1 13 9 1 1 15 5 1 1 331 1 1 1 11 1 1 1 103 1 1 1 17 5 1 1 21 5 1 1 21 9 1 1 17 5 1 1 15 5 1 1 325 3 1 1 103 1 1 1 31 3 1 1 23 3 1 1 27 3 1 1 19 3 1 1 17 3 1 1 11 1 1 1 313 3 1 1 117 1 1 1 19 5 1 1 21 3 1 1 399 3 1 1 3 1 1 1 13 1 1 1 5 5 1 1 7 3 1 1 69 1 1 1 21 7 1 1 19 5 1 1 47 1 1 1 349 3 1 1 3 1 1 1 5 1 1 1 7 1 1 1 5 5 1 1 3 1 1 1 3 5 1 1 67 1 1 1 3 3 1 1 19 5 1 1 21 5 1 1 19 5 1 1 17 7 1 1 15 1 1 1 15 1 1 1 323 3 1 1 7 1 1 1 9 3 1 1 79 3 1 1 17 9 1 1 17 7 1 1 17 7 1 1 17 7 1 1 13 3 1 1 13 3 1 1 317 1 1 1 5 5 1 1 3 3 1 1 7 1 1 1 81 1 1 1 19 7 1 1 17 7 1 1 17 7 1 1 17 7 1 1 15 1 1 1 15 1 1 1 317 1 1 1 5 5 1 1 3 3 1 1 7 1 1 1 81 1 1 1 19 7 1 1 17 9 1 1 15 7 1 1 19 5 1 1 13 5 1 1 13 1 1 1 311 1 1 1 3 3 1 1 5 3 1 1 3 3 1 1 7 1 1 1 81 1 1 1 19 7 1 1 17 13 1 1 13 7 1 1 17 5 1 1 15 1 1 1 15 1 1 1 303 1 1 1 5 1 1 1 3 3 1 1 5 3 1 1 5 1 1 1 89 1 1 1 19 7 1 1 19 11 1 1 13 9 1 1 15 5 1 1 13 1 1 1 319 1 1 1 5 1 1 1 3 3 1 1 5 3 1 1 17 1 1 1 9 1 1 1 7 1 1 1 59 1 1 1 21 5 1 1 19 11 1 1 13 9 1 1 15 5 1 1 343 1 1 1 103 1 1 1 21 5 1 1 21 9 1 1 15 7 1 1 15 5 1 1 11 1 1 1 367 3 1 1 85 3 1 1 27 3 1 1 19 3 1 1 17 3 1 1 11 1 1 1 313 3 1 1 53 1 1 1 63 3 1 1 21 3 1 1 81 1 1 1 317 3 1 1 3 1 1 1 13 1 1 1 5 5 1 1 7 5 1 1 67 1 1 1 3 3 1 1 19 5 1 1 47 1 1 1 33 1 1 1 315 3 1 1 3 1 1 1 5 1 1 1 7 1 1 1 5 5 1 1 3 1 1 1 3 5 1 1 71 1 1 1 19 5 1 1 47 3 1 1 31 1 1 1 315 3 1 1 3 1 1 1 5 1 1 1 7 1 1 1 5 5 1 1 3 1 1 1 3 5 1 1 71 3 1 1 17 7 1 1 21 1 1 1 21 5 1 1 15 3 1 1 13 3 1 1 313 1 1 1 3 1 1 1 5 3 1 1 5 3 1 1 3 1 1 1 3 1 1 1 3 1 1 1 7 1 1 1 71 1 1 1 19 7 1 1 19 5 1 1 17 7 1 1 13 5 1 1 11 5 1 1 321 3 1 1 7 1 1 1 9 3 1 1 79 5 1 1 15 7 1 1 17 7 1 1 17 7 1 1 13 5 1 1 11 5 1 1 315 1 1 1 5 5 1 1 3 3 1 1 7 1 1 1 81 3 1 1 17 9 1 1 15 7 1 1 19 5 1 1 13 5 1 1 11 5 1 1 309 1 1 1 3 1 1 1 7 3 1 1 3 3 1 1 7 1 1 1 81 3 1 1 15 11 1 1 13 9 1 1 17 7 1 1 11 5 1 1 11 5 1 1 309 1 1 1 3 3 1 1 5 3 1 1 3 3 1 1 7 1 1 1 81 1 1 1 17 13 1 1 11 11 1 1 15 7 1 1 11 3 1 1 13 3 1 1 303 1 1 1 5 1 1 1 3 3 1 1 5 3 1 1 5 1 1 1 11 1 1 1 7 3 1 1 5 1 1 1 61 1 1 1 19 11 1 1 13 9 1 1 15 5 1 1 13 1 1 1 15 1 1 1 303 1 1 1 9 3 1 1 5 3 1 1 17 1 1 1 7 3 1 1 5 3 1 1 59 1 1 1 19 11 1 1 13 9 1 1 15 5 1 1 33 1 1 1 309 1 1 1 25 1 1 1 11 1 1 1 3 3 1 1 59 1 1 1 21 9 1 1 13 9 1 1 15 5 1 1 11 1 1 1 367 3 1 1 5 1 1 1 83 3 1 1 19 3 1 1 15 5 1 1 11 1 1 1 367 3 1 1 5 1 1 1 57 3 1 1 79 3 1 1 11 3 1 1 7 1 1 1 293 1 1 1 19 1 1 1 5 5 1 1 7 5 1 1 71 1 1 1 47 1 1 1 31 3 1 1 11 3 1 1 11 1 1 1 289 3 1 1 3 1 1 1 5 1 1 1 7 1 1 1 5 5 1 1 3 1 1 1 3 5 1 1 71 1 1 1 23 1 1 1 21 3 1 1 17 1 1 1 13 3 1 1 11 1 1 1 11 5 1 1 287 1 1 1 3 1 1 1 5 3 1 1 5 1 1 1 5 1 1 1 3 1 1 1 3 1 1 1 5 3 1 1 71 3 1 1 19 5 1 1 17 7 1 1 13 5 1 1 11 5 1 1 321 3 1 1 7 1 1 1 9 3 1 1 79 3 1 1 17 7 1 1 17 7 1 1 13 5 1 1 11 5 1 1 321 5 1 1 3 3 1 1 7 1 1 1 81 5 1 1 13 9 1 1 17 7 1 1 11 7 1 1 9 7 1 1 309 1 1 1 3 1 1 1 7 3 1 1 3 3 1 1 7 1 1 1 81 3 1 1 15 7 1 1 19 5 1 1 13 5 1 1 11 5 1 1 313 1 1 1 7 3 1 1 3 3 1 1 7 1 1 1 81 7 1 1 11 11 1 1 15 7 1 1 11 3 1 1 13 3 1 1 309 1 1 1 3 3 1 1 5 3 1 1 5 1 1 1 11 1 1 1 7 3 1 1 5 3 1 1 59 7 1 1 11 11 1 1 13 7 1 1 11 3 1 1 13 3 1 1 47 5 1 1 257 1 1 1 3 3 1 1 5 3 1 1 5 1 1 1 11 1 1 1 7 3 1 1 5 3 1 1 59 5 1 1 13 9 1 1 15 5 1 1 13 1 1 1 15 1 1 1 5 1 1 1 309 1 1 1 5 3 1 1 17 1 1 1 7 3 1 1 5 3 1 1 59 5 1 1 11 11 1 1 13 7 1 1 11 1 1 1 15 1 1 1 5 1 1 1 309 1 1 1 5 1 1 1 19 1 1 1 7 3 1 1 5 3 1 1 59 3 1 1 11 11 1 1 13 7 1 1 11 1 1 1 15 1 1 1 5 1 1 1 309 1 1 1 25 1 1 1 7 5 1 1 3 3 1 1 59 1 1 1 13 9 1 1 15 5 1 1 33 1 1 1 335 1 1 1 9 9 1 1 59 1 1 1 13 9 1 1 15 5 1 1 11 1 1 1 19 3 1 1 55 1 1 1 289 3 1 1 5 1 1 1 73 5 1 1 15 5 1 1 11 1 1 1 21 1 1 1 55 1 1 1 289 3 1 1 5 1 1 1 57 3 1 1 17 7 1 1 13 5 1 1 11 7 1 1 27 9 1 1 283 3 1 1 7 1 1 1 9 3 1 1 23 1 1 1 55 3 1 1 17 7 1 1 13 5 1 1 11 5 1 1 33 9 1 1 279 1 1 1 3 1 1 1 3 3 1 1 7 1 1 1 81 3 1 1 15 9 1 1 11 7 1 1 9 7 1 1 33 9 1 1 279 3 1 1 3 3 1 1 7 1 1 1 81 1 1 1 19 5 1 1 13 5 1 1 11 5 1 1 37 9 1 1 267 1 1 1 7 3 1 1 3 3 1 1 7 1 1 1 11 3 1 1 67 7 1 1 13 7 1 1 11 3 1 1 11 5 1 1 43 9 1 1 261 1 1 1 7 3 1 1 5 1 1 1 11 1 1 1 7 3 1 1 5 3 1 1 59 5 1 1 15 7 1 1 11 1 1 1 15 1 1 1 5 1 1 1 43 9 1 1 263 1 1 1 19 1 1 1 7 3 1 1 5 3 1 1 59 5 1 1 13 7 1 1 11 1 1 1 15 1 1 1 5 1 1 1 45 9 1 1 281 1 1 1 7 3 1 1 5 3 1 1 59 3 1 1 13 7 1 1 11 1 1 1 15 1 1 1 5 1 1 1 45 11 1 1 279 1 1 1 7 5 1 1 3 3 1 1 59 3 1 1 11 9 1 1 11 1 1 1 13 1 1 1 5 1 1 1 47 9 1 1 279 1 1 1 7 13 1 1 3 1 1 1 53 1 1 1 15 5 1 1 11 1 1 1 19 3 1 1 53 3 1 1 289 3 1 1 3 3 1 1 3 1 1 1 67 5 1 1 11 1 1 1 21 1 1 1 55 1 1 1 289 3 1 1 5 1 1 1 57 3 1 1 15 3 1 1 11 7 1 1 7 1 1 1 11 17 1 1 285 3 1 1 5 3 1 1 3 1 1 1 3 1 1 1 3 1 1 1 5 3 1 1 27 1 1 1 7 1 1 1 35 3 1 1 13 5 1 1 11 5 1 1 19 21 1 1 281 3 1 1 5 3 1 1 3 1 1 1 5 3 1 1 7 1 1 1 15 1 1 1 11 1 1 1 7 1 1 1 35 1 1 1 13 5 1 1 11 7 1 1 23 17 1 1 281 1 1 1 7 1 1 1 9 3 1 1 23 1 1 1 19 1 1 1 35 1 1 1 13 5 1 1 9 9 1 1 27 17 1 1 283 3 1 1 7 1 1 1 25 1 1 1 3 3 1 1 49 3 1 1 9 7 1 1 9 7 1 1 33 17 1 1 271 3 1 1 3 3 1 1 7 1 1 1 11 3 1 1 15 3 1 1 49 3 1 1 11 3 1 1 11 5 1 1 39 17 1 1 265 3 1 1 5 1 1 1 11 1 1 1 7 3 1 1 5 3 1 1 59 3 1 1 9 3 1 1 13 3 1 1 5 1 1 1 39 17 1 1 259 1 1 1 19 1 1 1 7 3 1 1 5 3 1 1 11 1 1 1 5 1 1 1 41 3 1 1 9 3 1 1 13 1 1 1 5 3 1 1 41 15 1 1 5 1 1 1 7 1 1 1 263 1 1 1 7 13 1 1 3 1 1 1 5 3 1 1 3 1 1 1 41 1 1 1 11 1 1 1 19 3 1 1 49 7 1 1 5 1 1 1 7 1 1 1 263 1 1 1 11 9 1 1 3 1 1 1 7 1 1 1 33 1 1 1 21 1 1 1 21 1 1 1 55 1 1 1 289 3 1 1 5 1 1 1 57 3 1 1 11 5 1 1 19 19 1 1 285 1 1 1 5 3 1 1 3 1 1 1 7 1 1 1 7 1 1 1 15 1 1 1 11 1 1 1 5 3 1 1 35 3 1 1 9 7 1 1 21 21 1 1 279 1 1 1 7 1 1 1 9 3 1 1 23 1 1 1 3 1 1 1 7 1 1 1 7 1 1 1 35 3 1 1 7 9 1 1 25 21 1 1 281 3 1 1 7 1 1 1 25 1 1 1 3 3 1 1 13 1 1 1 35 1 1 1 9 7 1 1 31 21 1 1 37 1 1 1 231 3 1 1 3 3 1 1 7 1 1 1 3 1 1 1 7 3 1 1 5 1 1 1 5 1 1 1 3 3 1 1 59 5 1 1 37 19 1 1 265 3 1 1 5 1 1 1 11 1 1 1 7 3 1 1 5 3 1 1 9 3 1 1 5 1 1 1 59 3 1 1 53 3 1 1 5 1 1 1 7 1 1 1 5 1 1 1 269 3 1 1 5 1 1 1 3 1 1 1 7 1 1 1 33 1 1 1 11 1 1 1 11 3 1 1 5 7 1 1 49 3 1 1 3 5 1 1 3 3 1 1 249 5 1 1 7 5 1 1 81 3 1 1 5 13 1 1 43 3 1 1 3 5 1 1 5 1 1 1 243 1 1 1 5 5 1 1 3 1 1 1 3 5 1 1 71 3 1 1 7 1 1 1 11 21 1 1 283 1 1 1 7 1 1 1 3 1 1 1 7 1 1 1 7 1 1 1 15 1 1 1 11 1 1 1 5 3 1 1 35 3 1 1 17 27 1 1 277 1 1 1 7 1 1 1 9 3 1 1 23 1 1 1 3 3 1 1 5 1 1 1 5 3 1 1 35 3 1 1 23 25 1 1 41 1 1 1 237 3 1 1 7 3 1 1 23 1 1 1 3 3 1 1 5 1 1 1 5 3 1 1 35 1 1 1 29 25 1 1 35 1 1 1 231 3 1 1 3 3 1 1 7 1 1 1 3 1 1 1 7 3 1 1 5 3 1 1 3 1 1 1 3 3 1 1 13 1 1 1 39 1 1 1 29 23 1 1 31 1 1 1 231 3 1 1 5 1 1 1 7 1 1 1 3 1 1 1 7 3 1 1 5 3 1 1 7 5 1 1 5 1 1 1 41 1 1 1 5 7 1 1 49 3 1 1 3 5 1 1 3 3 1 1 3 3 1 1 245 3 1 1 7 5 1 1 75 13 1 1 43 3 1 1 3 5 1 1 3 3 1 1 3 3 1 1 237 1 1 1 5 5 1 1 3 1 1 1 3 5 1 1 37 1 1 1 33 1 1 1 41 15 1 1 5 1 1 1 7 1 1 1 5 1 1 1 257 1 1 1 7 13 1 1 3 1 1 1 5 3 1 1 3 3 1 1 27 3 1 1 59 5 1 1 5 1 1 1 7 1 1 1 5 1 1 1 269 3 1 1 5 1 1 1 3 1 1 1 7 1 1 1 5 1 1 1 27 3 1 1 9 5 1 1 49 3 1 1 3 5 1 1 3 3 1 1 3 3 1 1 3 1 1 1 241 3 1 1 7 5 1 1 71 5 1 1 47 3 1 1 3 5 1 1 3 3 1 1 3 3 1 1 3 1 1 1 5 1 1 1 235 3 1 1 7 5 1 1 37 1 1 1 33 7 1 1 43 3 1 1 3 5 1 1 3 3 1 1 3 3 1 1 5 1 1 1 239 3 1 1 3 1 1 1 3 5 1 1 37 1 1 1 33 11 1 1 37 3 1 1 3 5 1 1 3 3 1 1 3 3 1 1 5 1 1 1 3 7 1 1 227 1 1 1 3 1 1 1 3 1 1 1 3 5 1 1 27 1 1 1 5 5 1 1 27 1 1 1 5 9 1 1 37 3 1 1 5 3 1 1 5 1 1 1 5 1 1 1 5 1 1 1 237 1 1 1 3 1 1 1 3 1 1 1 5 3 1 1 27 1 1 1 5 5 1 1 27 1 1 1 5 9 1 1 37 1 1 1 5 3 1 1 5 1 1 1 5 1 1 1 5 1 1 1 237 1 1 1 7 1 1 1 5 3 1 1 27 1 1 1 5 5 1 1 33 9 1 1 35 1 1 1 7 1 1 1 5 1 1 1 11 1 1 1 245 1 1 1 7 1 1 1 15 1 1 1 11 1 1 1 5 3 1 1 35 9 1 1 305 1 1 1 7 1 1 1 15 1 1 1 11 1 1 1 5 3 1 1 35 9 1 1 303 1 1 1 7 1 1 1 15 1 1 1 3 1 1 1 7 1 1 1 5 3 1 1 35 9 1 1 301 1 1 1 23 1 1 1 3 1 1 1 7 1 1 1 5 3 1 1 35 9 1 1 299 1 1 1 23 1 1 1 3 3 1 1 5 1 1 1 5 3 1 1 35 9 1 1 47 1 1 1 247 3 1 1 23 1 1 1 3 3 1 1 5 1 1 1 5 3 1 1 35 9 1 1 45 1 1 1 247 1 1 1 25 1 1 1 3 3 1 1 5 1 1 1 5 3 1 1 35 9 1 1 43 1 1 1 247 1 1 1 25 1 1 1 3 3 1 1 5 1 1 1 5 3 1 1 35 9 1 1 41 1 1 1 247 1 1 1 25 1 1 1 3 3 1 1 5 1 1 1 7 1 1 1 35 9 1 1 39 1 1 1 247 1 1 1 25 1 1 1 3 3 1 1 5 1 1 1 7 1 1 1 35 9 1 1 37 1 1 1 247 1 1 1 11 1 1 1 13 1 1 1 3 3 1 1 13 1 1 1 35 9 1 1 35 1 1 1 251 1 1 1 7 3 1 1 5 3 1 1 3 1 1 1 3 5 1 1 5 1 1 1 41 9 1 1 33 1 1 1 251 1 1 1 7 3 1 1 5 3 1 1 7 5 1 1 5 1 1 1 41 9 1 1 31 1 1 1 251 1 1 1 7 3 1 1 5 3 1 1 7 5 1 1 5 1 1 1 41 9 1 1 29 1 1 1 251 1 1 1 7 3 1 1 5 3 1 1 7 5 1 1 5 1 1 1 41 9 1 1 27 1 1 1 251 1 1 1 7 3 1 1 5 3 1 1 5 1 1 1 5 1 1 1 5 1 1 1 41 7 1 1 7 1 1 1 7 1 1 1 263 1 1 1 7 3 1 1 5 3 1 1 5 1 1 1 5 1 1 1 5 1 1 1 31 1 1 1 9 5 1 1 7 1 1 1 7 1 1 1 263 1 1 1 7 5 1 1 3 3 1 1 5 1 1 1 5 3 1 1 3 3 1 1 29 1 1 1 9 5 1 1 5 1 1 1 7 1 1 1 5 1 1 1 257 1 1 1 7 5 1 1 3 3 1 1 5 1 1 1 5 3 1 1 3 3 1 1 27 3 1 1 9 3 1 1 5 1 1 1 7 1 1 1 5 1 1 1 257 1 1 1 7 13 1 1 3 1 1 1 5 3 1 1 3 3 1 1 27 3 1 1 9 1 1 1 5 1 1 1 7 1 1 1 5 1 1 1 61 1 1 1 195 1 1 1 7 13 1 1 3 1 1 1 5 3 1 1 3 3 1 1 27 3 1 1 13 1 1 1 7 1 1 1 5 1 1 1 63 1 1 1 205 3 1 1 5 1 1 1 3 1 1 1 7 1 1 1 3 3 1 1 7 1 1 1 19 3 1 1 9 1 1 1 3 5 1 1 3 3 1 1 3 3 1 1 3 1 1 1 3 3 1 1 235 3 1 1 7 5 1 1 37 1 1 1 35 5 1 1 3 3 1 1 3 3 1 1 3 9 1 1 49 1 1 1 185 1 1 1 3 1 1 1 3 5 1 1 37 1 1 1 27 1 1 1 11 1 1 1 5 1 1 1 57 7 1 1 49 1 1 1 155 9 1 1 3 1 1 1 5 3 1 1 3 3 1 1 27 3 1 1 9 3 1 1 3 3 1 1 3 3 1 1 3 1 1 1 3 3 1 1 245 5 1 1 37 1 1 1 27 1 1 1 5 1 1 1 3 3 1 1 3 3 1 1 3 11 1 1 47 3 1 1 63 1 1 1 119 1 1 1 7 5 1 1 37 1 1 1 3 1 1 1 23 1 1 1 7 3 1 1 3 3 1 1 3 11 1 1 47 3 1 1 191 5 1 1 37 1 1 1 3 1 1 1 23 1 1 1 9 1 1 1 55 9 1 1 43 13 1 1 149 3 1 1 3 3 1 1 3 1 1 1 5 3 1 1 3 3 1 1 7 1 1 1 19 3 1 1 9 1 1 1 3 3 1 1 3 7 1 1 51 1 1 1 65 1 1 1 169 1 1 1 3 1 1 1 23 1 1 1 7 3 1 1 3 13 1 1 45 7 1 1 55 1 1 1 3 3 1 1 127 3 1 1 37 1 1 1 3 1 1 1 23 1 1 1 61 7 1 1 45 17 1 1 143 3 1 1 5 1 1 1 3 1 1 1 7 1 1 1 3 3 1 1 7 1 1 1 9 1 1 1 9 3 1 1 9 1 1 1 3 9 1 1 49 1 1 1 65 3 1 1 167 1 1 1 3 1 1 1 23 1 1 1 7 15 1 1 43 7 1 1 55 1 1 1 3 3 1 1 7 1 1 1 155 1 1 1 3 1 1 1 3 1 1 1 23 1 1 1 27 25 1 1 27 21 1 1 35 1 1 1 23 11 1 1 107 1 1 1 3 5 1 1 3 3 1 1 5 1 1 1 7 3 1 1 7 3 1 1 15 7 1 1 49 3 1 1 63 3 1 1 7 1 1 1 159 1 1 1 3 1 1 1 23 1 1 1 5 15 1 1 39 13 1 1 49 7 1 1 7 7 1 1 143 1 1 1 5 5 1 1 3 1 1 1 9 1 1 1 13 1 1 1 5 5 1 1 47 5 1 1 57 1 1 1 3 3 1 1 7 3 1 1 157 1 1 1 3 1 1 1 23 1 1 1 5 7 1 1 43 9 1 1 53 7 1 1 7 5 1 1 155 1 1 1 3 1 1 1 9 1 1 1 13 1 1 1 5 9 1 1 39 13 1 1 49 7 1 1 7 11 1 1 145 1 1 1 3 1 1 1 3 1 1 1 9 1 1 1 13 1 1 1 5 9 1 1 37 15 1 1 47 9 1 1 5 13 1 1 137 1 1 1 5 5 1 1 3 1 1 1 9 1 1 1 13 1 1 1 5 9 1 1 35 17 1 1 45 3 1 1 3 3 1 1 5 13 1 1 137 1 1 1 5 5 1 1 3 1 1 1 9 1 1 1 13 1 1 1 5 9 1 1 33 19 1 1 43 3 1 1 5 1 1 1 5 15 1 1 135 1 1 1 5 5 1 1 13 1 1 1 13 1 1 1 5 9 1 1 31 21 1 1 41 3 1 1 5 1 1 1 5 17 1 1 133 1 1 1 5 5 1 1 13 1 1 1 13 1 1 1 5 9 1 1 31 21 1 1 39 3 1 1 5 1 1 1 11 13 1 1 131 1 1 1 5 3 1 1 15 1 1 1 19 9 1 1 31 21 1 1 37 3 1 1 5 1 1 1 13 13 1 1 129 1 1 1 5 3 1 1 17 1 1 1 17 9 1 1 31 21 1 1 37 1 1 1 5 1 1 1 13 15 1 1 119 1 1 1 7 1 1 1 5 3 1 1 17 1 1 1 17 9 1 1 31 21 1 1 35 1 1 1 5 1 1 1 15 15 1 1 113 1 1 1 3 1 1 1 7 1 1 1 5 3 1 1 17 3 1 1 15 9 1 1 31 21 1 1 33 1 1 1 5 1 1 1 17 15 1 1 111 1 1 1 3 3 1 1 5 1 1 1 5 3 1 1 9 1 1 1 7 3 1 1 15 9 1 1 31 21 1 1 37 1 1 1 19 13 1 1 111 1 1 1 3 3 1 1 5 1 1 1 5 3 1 1 7 3 1 1 7 3 1 1 15 9 1 1 31 19 1 1 37 1 1 1 19 17 1 1 111 3 1 1 5 1 1 1 5 3 1 1 7 3 1 1 7 3 1 1 15 9 1 1 31 19 1 1 37 1 1 1 19 15 1 1 111 3 1 1 5 1 1 1 7 1 1 1 7 3 1 1 7 3 1 1 15 9 1 1 31 19 1 1 35 1 1 1 23 13 1 1 109 3 1 1 13 1 1 1 7 3 1 1 7 3 1 1 15 9 1 1 31 19 1 1 33 1 1 1 23 15 1 1 107 3 1 1 21 5 1 1 5 3 1 1 15 9 1 1 31 19 1 1 31 1 1 1 27 11 1 1 107 3 1 1 7 1 1 1 13 5 1 1 7 1 1 1 15 9 1 1 31 19 1 1 29 1 1 1 27 15 1 1 107 1 1 1 5 1 1 1 13 5 1 1 7 1 1 1 15 9 1 1 31 19 1 1 27 3 1 1 27 15 1 1 105 1 1 1 5 1 1 1 13 5 1 1 7 1 1 1 15 9 1 1 31 19 1 1 25 3 1 1 31 11 1 1 105 1 1 1 5 1 1 1 13 5 1 1 13 1 1 1 9 7 1 1 33 19 1 1 23 3 1 1 31 15 1 1 101 1 1 1 5 1 1 1 13 5 1 1 13 1 1 1 9 5 1 1 35 19 1 1 21 3 1 1 33 13 1 1 101 1 1 1 5 3 1 1 11 1 1 1 3 1 1 1 13 1 1 1 9 5 1 1 35 19 1 1 21 1 1 1 33 15 1 1 93 1 1 1 5 3 1 1 3 3 1 1 11 1 1 1 3 3 1 1 9 3 1 1 9 3 1 1 35 21 1 1 19 1 1 1 37 13 1 1 91 1 1 1 5 3 1 1 3 3 1 1 15 3 1 1 9 3 1 1 9 1 1 1 37 23 1 1 15 1 1 1 39 15 1 1 87 1 1 1 5 3 1 1 3 3 1 1 7 1 1 1 7 3 1 1 9 3 1 1 51 19 1 1 13 1 1 1 43 17 1 1 81 1 1 1 7 1 1 1 3 3 1 1 7 1 1 1 9 1 1 1 9 3 1 1 9 11 1 1 49 7 1 1 7 11 1 1 145 1 1 1 3 1 1 1 3 1 1 1 9 1 1 1 13 1 1 1 5 9 1 1 49 7 1 1 7 11 1 1 145 1 1 1 3 1 1 1 3 1 1 1 9 1 1 1 13 1 1 1 5 9 1 1 47 9 1 1 5 13 1 1 137 1 1 1 5 5 1 1 3 1 1 1 9 1 1 1 13 1 1 1 5 9 1 1 45 9 1 1 5 15 1 1 135 1 1 1 5 5 1 1 3 1 1 1 9 1 1 1 13 1 1 1 5 9 1 1 43 3 1 1 5 1 1 1 5 15 1 1 135 1 1 1 5 5 1 1 13 1 1 1 13 1 1 1 5 9 1 1 41 3 1 1 5 1 1 1 5 17 1 1 133 1 1 1 5 3 1 1 15 1 1 1 13 1 1 1 5 9 1 1 39 3 1 1 5 1 1 1 7 17 1 1 131 1 1 1 5 3 1 1 15 3 1 1 17 9 1 1 37 3 1 1 5 1 1 1 11 15 1 1 129 1 1 1 5 3 1 1 15 3 1 1 17 9 1 1 37 1 1 1 5 1 1 1 13 15 1 1 127 1 1 1 5 3 1 1 17 1 1 1 17 9 1 1 35 1 1 1 5 1 1 1 15 15 1 1 117 1 1 1 7 1 1 1 5 3 1 1 17 3 1 1 15 9 1 1 33 1 1 1 5 1 1 1 17 15 1 1 115 1 1 1 7 1 1 1 5 3 1 1 9 1 1 1 7 3 1 1 15 9 1 1 37 1 1 1 19 15 1 1 113 1 1 1 7 1 1 1 5 3 1 1 7 3 1 1 7 3 1 1 15 7 1 1 37 3 1 1 17 17 1 1 111 1 1 1 7 1 1 1 5 3 1 1 7 3 1 1 7 3 1 1 15 7 1 1 37 1 1 1 17 19 1 1 109 3 1 1 13 1 1 1 7 3 1 1 7 3 1 1 15 7 1 1 35 1 1 1 19 19 1 1 107 3 1 1 13 1 1 1 7 5 1 1 5 3 1 1 15 7 1 1 33 1 1 1 23 15 1 1 107 1 1 1 23 5 1 1 5 3 1 1 15 7 1 1 31 1 1 1 23 19 1 1 127 5 1 1 7 1 1 1 15 9 1 1 27 3 1 1 25 17 1 1 111 1 1 1 13 5 1 1 7 1 1 1 15 9 1 1 25 3 1 1 29 15 1 1 103 1 1 1 5 1 1 1 13 5 1 1 23 9 1 1 23 3 1 1 31 15 1 1 101 1 1 1 5 1 1 1 13 5 1 1 13 1 1 1 9 9 1 1 21 3 1 1 31 17 1 1 99 1 1 1 5 1 1 1 13 7 1 1 11 1 1 1 9 9 1 1 19 3 1 1 33 17 1 1 97 1 1 1 5 3 1 1 11 1 1 1 3 3 1 1 11 1 1 1 9 9 1 1 19 1 1 1 33 19 1 1 97 1 1 1 3 3 1 1 15 3 1 1 9 3 1 1 9 9 1 1 17 1 1 1 37 17 1 1 95 1 1 1 3 3 1 1 7 1 1 1 7 3 1 1 9 3 1 1 9 11 1 1 13 1 1 1 39 21 1 1 89 1 1 1 3 3 1 1 7 1 1 1 7 3 1 1 9 3 1 1 9 9 1 1 13 1 1 1 41 19 1 1 89 1 1 1 3 3 1 1 7 1 1 1 9 1 1 1 9 3 1 1 9 7 1 1 13 1 1 1 43 17 1 1 89 1 1 1 5 1 1 1 7 1 1 1 9 1 1 1 9 3 1 1 9 5 1 1 13 1 1 1 45 15 1 1 89 1 1 1 5 1 1 1 7 1 1 1 9 1 1 1 9 3 1 1 9 3 1 1 61 13 1 1 95 1 1 1 7 1 1 1 9 1 1 1 9 3 1 1 9 1 1 1 61 13 1 1 95 1 1 1 7 1 1 1 9 1 1 1 9 3 1 1 71 11 1 1 103 1 1 1 9 1 1 1 9 1 1 1 11 7 1 1 5 15 1 1 141 5 1 1 3 1 1 1 9 1 1 1 13 1 1 1 7 3 1 1 5 19 1 1 131 1 1 1 5 5 1 1 3 1 1 1 9 1 1 1 13 1 1 1 5 1 1 1 7 7 1 1 153 1 1 1 3 1 1 1 9 1 1 1 13 1 1 1 11 9 1 1 151 1 1 1 3 1 1 1 9 1 1 1 13 1 1 1 11 21 1 1 127 1 1 1 5 3 1 1 15 3 1 1 17 1 1 1 23 19 1 1 125 5 1 1 7 1 1 1 47 21 1 1 99 1 1 1 17 3 1 1 11 1 1 1 9 11 1 1 147 1 1 1 3 1 1 1 9 1 1 1 13 1 1 1 5 9 1 1 147 1 1 1 3 1 1 1 9 1 1 1 13 1 1 1 5 9 1 1 149 1 1 1 9 1 1 1 13 1 1 1 5 7 1 1 149 1 1 1 9 1 1 1 13 1 1 1 5 7 1 1 139 1 1 1 17 1 1 1 19 7 1 1 137 3 1 1 15 3 1 1 17 7 1 1 135 3 1 1 15 3 1 1 17 9 1 1 125 1 1 1 5 3 1 1 15 5 1 1 15 9 1 1 129 3 1 1 9 1 1 1 7 3 1 1 15 9 1 1 129 1 1 1 9 1 1 1 7 3 1 1 15 9 1 1 127 1 1 1 9 1 1 1 7 3 1 1 15 9 1 1 133 3 1 1 7 3 1 1 15 7 1 1 133 3 1 1 7 3 1 1 15 7 1 1 131 5 1 1 5 3 1 1 15 7 1 1 129 5 1 1 5 3 1 1 15 7 1 1 127 5 1 1 5 3 1 1 15 9 1 1 123 5 1 1 7 1 1 1 15 9 1 1 121 5 1 1 7 1 1 1 15 9 1 1 119 5 1 1 23 9 1 1 117 7 1 1 21 9 1 1 115 1 1 1 3 3 1 1 21 9 1 1 117 3 1 1 21 13 1 1 111 3 1 1 21 11 1 1 103 1 1 1 7 3 1 1 21 9 1 1 103 1 1 1 9 1 1 1 21 7 1 1 103 1 1 1 9 1 1 1 21 5 1 1 103 1 1 1 9 1 1 1 9 1 1 1 11 3 1 1 103 1 1 1 9 1 1 1 9 1 1 1 11 1 1 1 103 1 1 1 9 1 1 1 9 1 1 1 113 1 1 1 9 1 1 1 9 1 1 1 11 1 1 1 3 3 1 1 5 3 1 1 103 1 1 1 15 3 1 1 5 3 1 1 103 1 1 1 17 3 1 1 5 1 1 1 5 1 1 1 5 1 1 1 95 1 1 1 7 1 1 1 5 3 1 1 103 1 1 1 17 3 1 1 103 1 1 1 13 1 1 1 5 1 1 1 5 1 1 1 3 3 1 1 5 1 1 1 89 1 1 1 11 1 1 1 5 1 1 1 3 3 1 1 95 1 1 1 7 1 1 1 103 1 1 1 115 1 1 1 17 1 1 1 3 3 1 1 5 3 1 1 87 1 1 1 7 1 1 1 3 1 1 1 5 1 1 1 7 1 1 1 89 3 1 1 3 1 1 1 5 1 1 1 7 1 1 1 5 1 1 1 83 1 1 1 5 3 1 1 5 3 1 1 5 1 1 1 81 1 1 1 11 1 1 1 7 1 1 1 5 1 1 1 83 1 1 1 3 1 1 1 5 3 1 1 5 1 1 1 81 1 1 1 11 3 1 1 95 1 1 1 5 1 1 1 5 1 1 1 7 1 1 1 85 1 1 1 11 1 1 1 79 1 1 1 3 3 1 1 91 3 1 1 7 1 1 1 85 5 1 1 3 1 1 1 3 5 1 1 71 1 1 1 7 1 1 1 87 1 1 1 81 3 1 1 3 1 1 1 3 5 1 1 71 1 1 1 7 5 1 1 73 1 1 1 3 5 1 1 155 3 1 1 27 1 1 1 5 3 1 1 41 3 1 1 5 3 1 1 11 1 1 1 5 1 1 1 41 3 1 1 71 1 1 1 141 1 1 1 5 3 1 1 11 1 1 1 5 1 1 1 45 3 1 1 11 1 1 1 5 1 1 1 41 7 1 1 3 1 1 1 7 1 1 1 3 3 1 1 27 3 1 1 11 3 1 1 3 1 1 1 7 1 1 1 33 1 1 1 11 1 1 1 5 1 1 1 5 1 1 1 5 1 1 1 45 1 1 1 5 3 1 1 3 3 1 1 29 1 1 1 11 1 1 1 7 1 1 1 5 1 1 1 27 3 1 1 11 3 1 1 5 1 1 1 5 3 1 1 39 3 1 1 3 3 1 1 27 3 1 1 9 1 1 1 5 1 1 1 5 3 1 1 39 1 1 1 7 1 1 1 35 1 1 1 3 3 1 1 29 1 1 1 11 3 1 1 7 1 1 1 19 3 1 1 13 3 1 1 35 1 1 1 11 1 1 1 3 1 1 1 11 3 1 1 15 1 1 1 9 1 1 1 9 3 1 1 9 3 1 1 13 1 1 1 13 1 1 1 21 1 1 1 19 1 1 1 9 1 1 1 13 1 1 1 13 1 1 1 9 3 1 1 17 1 1 1 13 1 1 1 5 3 1 1 7 1 1 1 15 1 1 1 5 3 1 1 15 1 1 1 11 1 1 1 17 3 1 1 21 1 1 1 5 1 1 1 41 1 1 1 27 1 1 1 -194037 1 -871 1 -12 1 1 1 -2
1 1 1 -1 1 79 1 -68 1 1 1 -12 1 5 1 -6 1 2 1 -1 1 1 1 8 1 1 1 3 1 5500 1 19063 1 -24568 1 190084 1 1 1 -280 1 -1 1 418 1 1 1 -23043 1 1 1 -167189 3 1 1 61 7 1 1 57 5 1 1 747 5 1 1 59 7 1 1 57 5 1 1 747 5 1 1 57 9 1 1 55 9 1 1 743 5 1 1 57 9 1 1 57 5 1 1 745 3 1 1 57 9 1 1 55 9 1 1 741 3 1 1 57 9 1 1 57 5 1 1 741 3 1 1 57 9 1 1 55 9 1 1 737 3 1 1 57 9 1 1 57 5 1 1 737 3 1 1 57 9 1 1 55 9 1 1 733 3 1 1 57 9 1 1 57 5 1 1 733 3 1 1 57 9 1 1 55 9 1 1 41 1 1 1 687 3 1 1 57 9 1 1 57 5 1 1 41 1 1 1 687 3 1 1 57 9 1 1 55 9 1 1 37 1 1 1 687 3 1 1 57 9 1 1 57 5 1 1 725 3 1 1 57 9 1 1 55 9 1 1 35 1 1 1 685 3 1 1 57 9 1 1 57 5 1 1 35 1 1 1 685 3 1 1 57 9 1 1 55 9 1 1 717 3 1 1 57 9 1 1 57 5 1 1 717 3 1 1 57 9 1 1 55 9 1 1 713 3 1 1 57 9 1 1 57 5 1 1 713 3 1 1 57 9 1 1 55 9 1 1 709 3 1 1 57 9 1 1 57 5 1 1 709 3 1 1 57 9 1 1 55 9 1 1 575 1 1 1 129 3 1 1 57 9 1 1 57 5 1 1 705 3 1 1 57 9 1 1 55 9 1 1 701 3 1 1 57 9 1 1 57 5 1 1 701 3 1 1 57 9 1 1 55 9 1 1 697 3 1 1 57 9 1 1 57 5 1 1 697 3 1 1 57 9 1 1 55 7 1 1 561 1 1 1 133 5 1 1 55 9 1 1 57 5 1 1 559 3 1 1 3 1 1 1 127 3 1 1 57 7 1 1 57 9 1 1 555 3 1 1 3 3 1 1 125 1 1 1 59 5 1 1 59 7 1 1 555 3 1 1 5 1 1 1 183 5 1 1 61 5 1 1 555 3 1 1 5 1 1 1 5 3 1 1 117 3 1 1 59 5 1 1 67 1 1 1 679 5 1 1 57 7 1 1 65 1 1 1 679 5 1 1 55 9 1 1 743 5 1 1 53 11 1 1 743 3 1 1 55 9 1 1 741 3 1 1 55 9 1 1 85 1 1 1 653 3 1 1 55 9 1 1 737 3 1 1 55 9 1 1 81 1 1 1 653 3 1 1 55 9 1 1 733 3 1 1 55 9 1 1 43 1 1 1 687 3 1 1 55 9 1 1 41 1 1 1 687 3 1 1 55 9 1 1 39 1 1 1 687 3 1 1 55 9 1 1 37 3 1 1 685 3 1 1 55 9 1 1 35 3 1 1 685 3 1 1 55 9 1 1 35 1 1 1 685 3 1 1 55 9 1 1 33 1 1 1 677 1 1 1 7 3 1 1 55 9 1 1 31 1 1 1 677 1 1 1 7 3 1 1 55 9 1 1 591 1 1 1 115 1 1 1 7 3 1 1 55 9 1 1 589 1 1 1 115 1 1 1 7 3 1 1 55 9 1 1 587 3 1 1 113 1 1 1 7 3 1 1 55 9 1 1 579 1 1 1 5 3 1 1 121 3 1 1 55 9 1 1 577 1 1 1 5 3 1 1 121 3 1 1 55 9 1 1 575 1 1 1 7 1 1 1 121 3 1 1 55 9 1 1 573 1 1 1 129 3 1 1 55 9 1 1 701 3 1 1 55 9 1 1 15 1 1 1 683 3 1 1 55 9 1 1 13 1 1 1 683 3 1 1 55 9 1 1 11 1 1 1 669 1 1 1 13 3 1 1 55 9 1 1 9 1 1 1 555 1 1 1 113 1 1 1 13 3 1 1 55 9 1 1 7 1 1 1 549 3 1 1 3 3 1 1 111 1 1 1 13 1 1 1 57 9 1 1 555 3 1 1 3 3 1 1 111 1 1 1 71 7 1 1 555 3 1 1 3 3 1 1 5 3 1 1 117 3 1 1 67 5 1 1 675 5 1 1 65 1 1 1 3 1 1 1 675 5 1 1 63 1 1 1 3 1 1 1 675 5 1 1 65 1 1 1 677 3 1 1 63 1 1 1 23 1 1 1 653 3 1 1 85 1 1 1 653 3 1 1 83 1 1 1 653 3 1 1 81 1 1 1 653 3 1 1 45 1 1 1 33 1 1 1 653 3 1 1 43 1 1 1 33 1 1 1 653 3 1 1 41 1 1 1 11 3 1 1 673 3 1 1 39 1 1 1 11 3 1 1 673 3 1 1 37 3 1 1 9 3 1 1 673 3 1 1 35 3 1 1 11 3 1 1 671 3 1 1 33 3 1 1 11 3 1 1 663 1 1 1 7 3 1 1 33 1 1 1 13 1 1 1 663 1 1 1 7 3 1 1 31 1 1 1 15 1 1 1 661 1 1 1 7 3 1 1 29 1 1 1 15 1 1 1 545 1 1 1 115 1 1 1 7 3 1 1 43 1 1 1 545 3 1 1 113 1 1 1 7 3 1 1 581 1 1 1 5 3 1 1 113 1 1 1 7 3 1 1 579 1 1 1 5 3 1 1 113 1 1 1 7 3 1 1 577 1 1 1 5 3 1 1 121 3 1 1 39 1 1 1 535 1 1 1 5 3 1 1 121 3 1 1 37 1 1 1 535 1 1 1 7 1 1 1 121 3 1 1 35 3 1 1 533 1 1 1 129 3 1 1 15 1 1 1 19 1 1 1 663 3 1 1 13 1 1 1 19 1 1 1 649 1 1 1 13 3 1 1 11 1 1 1 19 3 1 1 533 1 1 1 113 1 1 1 13 3 1 1 9 1 1 1 19 3 1 1 533 3 1 1 111 1 1 1 13 3 1 1 7 1 1 1 21 1 1 1 533 3 1 1 111 1 1 1 13 3 1 1 27 1 1 1 527 3 1 1 3 3 1 1 5 3 1 1 103 1 1 1 13 1 1 1 555 3 1 1 3 3 1 1 5 3 1 1 145 1 1 1 525 3 1 1 3 3 1 1 5 3 1 1 117 1 1 1 9 5 1 1 19 1 1 1 661 5 1 1 19 1 1 1 641 1 1 1 25 3 1 1 21 1 1 1 511 1 1 1 113 1 1 1 13 3 1 1 19 3 1 1 21 1 1 1 519 3 1 1 107 5 1 1 19 1 1 1 23 1 1 1 519 1 1 1 109 1 1 1 21 5 1 1 21 1 1 1 19 1 1 1 497 3 1 1 3 1 1 1 103 1 1 1 3 3 1 1 17 5 1 1 19 1 1 1 21 3 1 1 605 1 1 1 19 3 1 1 19 3 1 1 19 3 1 1 605 1 1 1 17 5 1 1 19 1 1 1 21 3 1 1 595 1 1 1 7 1 1 1 17 5 1 1 17 3 1 1 23 1 1 1 477 3 1 1 11 1 1 1 3 1 1 1 97 1 1 1 7 1 1 1 19 3 1 1 19 1 1 1 493 1 1 1 5 3 1 1 5 1 1 1 5 1 1 1 3 3 1 1 103 1 1 1 17 7 1 1 17 3 1 1 21 3 1 1 465 1 1 1 5 3 1 1 5 1 1 1 11 1 1 1 103 1 1 1 17 7 1 1 15 5 1 1 23 1 1 1 579 1 1 1 13 1 1 1 19 5 1 1 15 5 1 1 23 1 1 1 463 3 1 1 5 3 1 1 103 1 1 1 33 3 1 1 19 1 1 1 25 1 1 1 463 1 1 1 5 3 1 1 117 1 1 1 21 1 1 1 19 1 1 1 499 1 1 1 109 1 1 1 3 1 1 1 21 1 1 1 19 1 1 1 497 3 1 1 3 1 1 1 103 1 1 1 3 1 1 1 19 3 1 1 17 3 1 1 25 3 1 1 45 1 1 1 423 1 1 1 3 1 1 1 5 3 1 1 99 1 1 1 19 3 1 1 19 3 1 1 25 1 1 1 479 1 1 1 99 1 1 1 19 1 1 1 21 3 1 1 25 1 1 1 577 1 1 1 17 3 1 1 23 1 1 1 25 1 1 1 451 1 1 1 13 1 1 1 3 1 1 1 97 1 1 1 7 1 1 1 19 3 1 1 21 3 1 1 473 3 1 1 5 1 1 1 5 1 1 1 3 3 1 1 103 1 1 1 17 3 1 1 21 5 1 1 471 3 1 1 5 1 1 1 5 1 1 1 5 1 1 1 103 1 1 1 17 3 1 1 21 3 1 1 479 1 1 1 11 1 1 1 103 1 1 1 15 5 1 1 23 1 1 1 593 1 1 1 15 5 1 1 23 1 1 1 471 3 1 1 103 1 1 1 29 3 1 1 25 1 1 1 469 3 1 1 135 3 1 1 23 1 1 1 473 1 1 1 109 1 1 1 21 1 1 1 25 3 1 1 469 3 1 1 3 1 1 1 103 1 1 1 23 3 1 1 25 1 1 1 479 1 1 1 99 1 1 1 19 3 1 1 25 1 1 1 19 1 1 1 579 1 1 1 25 1 1 1 465 1 1 1 3 1 1 1 105 1 1 1 21 3 1 1 23 1 1 1 457 1 1 1 5 1 1 1 3 3 1 1 5 1 1 1 97 1 1 1 19 7 1 1 21 1 1 1 455 1 1 1 11 1 1 1 103 1 1 1 21 5 1 1 21 1 1 1 569 1 1 1 21 5 1 1 21 1 1 1 589 3 1 1 23 1 1 1 445 3 1 1 117 1 1 1 23 1 1 1 23 1 1 1 449 1 1 1 135 7 1 1 19 1 1 1 23 1 1 1 423 3 1 1 3 1 1 1 103 1 1 1 29 1 1 1 45 1 1 1 433 3 1 1 99 1 1 1 25 1 1 1 19 3 1 1 23 1 1 1 433 1 1 1 99 1 1 1 23 3 1 1 17 5 1 1 21 3 1 1 431 1 1 1 7 1 1 1 115 1 1 1 19 3 1 1 579 1 1 1 21 1 1 1 443 1 1 1 3 1 1 1 7 3 1 1 95 3 1 1 19 5 1 1 19 1 1 1 25 1 1 1 409 1 1 1 5 1 1 1 3 3 1 1 5 1 1 1 97 1 1 1 21 3 1 1 19 3 1 1 23 1 1 1 409 1 1 1 5 1 1 1 5 1 1 1 5 1 1 1 97 1 1 1 21 3 1 1 19 1 1 1 445 1 1 1 103 1 1 1 19 5 1 1 19 1 1 1 547 1 1 1 19 5 1 1 19 1 1 1 565 3 1 1 21 1 1 1 425 1 1 1 139 3 1 1 19 1 1 1 25 1 1 1 515 3 1 1 19 1 1 1 21 3 1 1 423 3 1 1 3 1 1 1 107 1 1 1 19 1 1 1 21 3 1 1 23 1 1 1 399 3 1 1 3 1 1 1 13 1 1 1 5 1 1 1 105 1 1 1 21 5 1 1 23 1 1 1 399 1 1 1 3 1 1 1 5 1 1 1 7 1 1 1 5 1 1 1 87 1 1 1 17 3 1 1 23 1 1 1 23 1 1 1 409 1 1 1 99 1 1 1 17 5 1 1 21 1 1 1 23 1 1 1 415 1 1 1 91 1 1 1 19 1 1 1 23 3 1 1 21 1 1 1 395 1 1 1 3 1 1 1 7 3 1 1 5 1 1 1 89 1 1 1 19 1 1 1 23 3 1 1 25 1 1 1 389 1 1 1 3 3 1 1 5 3 1 1 95 1 1 1 17 5 1 1 23 1 1 1 23 5 1 1 391 1 1 1 103 1 1 1 17 5 1 1 23 1 1 1 27 1 1 1 493 1 1 1 17 5 1 1 23 1 1 1 537 3 1 1 25 1 1 1 517 1 1 1 19 1 1 1 25 1 1 1 533 5 1 1 23 1 1 1 405 1 1 1 13 1 1 1 5 1 1 1 87 1 1 1 21 3 1 1 23 1 1 1 409 1 1 1 7 1 1 1 91 1 1 1 21 3 1 1 21 3 1 1 407 1 1 1 7 1 1 1 113 1 1 1 23 3 1 1 413 1 1 1 111 7 1 1 19 3 1 1 23 1 1 1 373 1 1 1 7 3 1 1 5 1 1 1 89 1 1 1 21 3 1 1 23 3 1 1 401 3 1 1 95 1 1 1 21 5 1 1 21 7 1 1 17 1 1 1 475 1 1 1 21 5 1 1 23 5 1 1 21 1 1 1 19 1 1 1 449 1 1 1 21 5 1 1 27 1 1 1 511 3 1 1 29 1 1 1 511 3 1 1 427 3 1 1 83 1 1 1 23 1 1 1 419 1 1 1 5 1 1 1 3 1 1 1 105 3 1 1 417 1 1 1 5 1 1 1 3 1 1 1 83 1 1 1 21 3 1 1 45 3 1 1 17 1 1 1 341 3 1 1 11 1 1 1 7 1 1 1 79 1 1 1 21 3 1 1 21 1 1 1 23 1 1 1 361 1 1 1 7 1 1 1 91 1 1 1 19 5 1 1 21 3 1 1 23 1 1 1 365 1 1 1 9 1 1 1 81 3 1 1 19 3 1 1 21 3 1 1 23 1 1 1 357 3 1 1 5 1 1 1 89 1 1 1 19 7 1 1 19 3 1 1 379 3 1 1 5 1 1 1 89 1 1 1 21 3 1 1 21 1 1 1 23 1 1 1 355 3 1 1 5 1 1 1 89 1 1 1 21 7 1 1 17 5 1 1 19 1 1 1 451 1 1 1 23 7 1 1 15 5 1 1 19 1 1 1 449 1 1 1 27 3 1 1 19 1 1 1 19 1 1 1 473 3 1 1 21 1 1 1 465 1 1 1 427 3 1 1 7 3 1 1 73 1 1 1 417 1 1 1 5 1 1 1 3 1 1 1 9 3 1 1 117 3 1 1 359 1 1 1 7 1 1 1 5 1 1 1 7 1 1 1 7 1 1 1 71 1 1 1 21 1 1 1 23 3 1 1 17 1 1 1 341 1 1 1 7 1 1 1 91 1 1 1 19 5 1 1 23 1 1 1 17 1 1 1 347 1 1 1 9 1 1 1 81 1 1 1 19 5 1 1 21 3 1 1 17 1 1 1 341 1 1 1 3 3 1 1 7 1 1 1 101 3 1 1 23 1 1 1 357 3 1 1 5 1 1 1 89 1 1 1 21 1 1 1 23 1 1 1 355 3 1 1 95 3 1 1 17 5 1 1 19 3 1 1 15 1 1 1 337 1 1 1 97 3 1 1 17 5 1 1 19 3 1 1 449 3 1 1 15 7 1 1 17 3 1 1 449 1 1 1 15 7 1 1 17 3 1 1 465 5 1 1 19 1 1 1 449 1 1 1 17 5 1 1 15 3 1 1 465 3 1 1 17 3 1 1 11 1 1 1 433 1 1 1 21 3 1 1 17 1 1 1 15 1 1 1 333 1 1 1 91 1 1 1 23 1 1 1 17 1 1 1 15 1 1 1 331 1 1 1 9 1 1 1 81 1 1 1 21 3 1 1 15 3 1 1 13 3 1 1 329 1 1 1 9 1 1 1 81 1 1 1 21 3 1 1 15 1 1 1 15 1 1 1 331 1 1 1 7 1 1 1 81 1 1 1 19 5 1 1 15 1 1 1 15 1 1 1 419 5 1 1 17 3 1 1 371 1 1 1 9 1 1 1 7 1 1 1 59 3 1 1 17 3 1 1 371 1 1 1 17 1 1 1 59 1 1 1 17 3 1 1 389 1 1 1 59 1 1 1 15 5 1 1 387 1 1 1 59 1 1 1 15 5 1 1 11 1 1 1 367 3 1 1 79 3 1 1 11 1 1 1 369 1 1 1 63 1 1 1 17 1 1 1 15 1 1 1 29 1 1 1 309 1 1 1 7 1 1 1 7 1 1 1 71 1 1 1 15 3 1 1 13 3 1 1 31 3 1 1 311 1 1 1 95 3 1 1 11 5 1 1 423 1 1 1 15 1 1 1 13 5 1 1 329 1 1 1 9 1 1 1 81 1 1 1 13 5 1 1 11 5 1 1 329 1 1 1 7 1 1 1 81 1 1 1 13 3 1 1 13 3 1 1 341 1 1 1 7 3 1 1 67 1 1 1 13 1 1 1 15 1 1 1 341 1 1 1 7 3 1 1 5 3 1 1 59 1 1 1 33 1 1 1 55 1 1 1 279 1 1 1 11 1 1 1 3 3 1 1 59 1 1 1 11 1 1 1 367 3 1 1 5 1 1 1 67 1 1 1 21 1 1 1 345 3 1 1 5 1 1 1 57 1 1 1 13 3 1 1 27 5 1 1 313 1 1 1 79 1 1 1 11 5 1 1 31 5 1 1 387 1 1 1 11 5 1 1 35 5 1 1 299 1 1 1 81 1 1 1 11 5 1 1 41 1 1 1 389 3 1 1 45 5 1 1 291 1 1 1 7 3 1 1 5 1 1 1 81 1 1 1 55 1 1 1 289 3 1 1 5 1 1 1 69 3 1 1 5 3 1 1 53 1 1 1 267 3 1 1 7 3 1 1 85 1 1 1 9 3 1 1 319 1 1 1 9 3 1 1 71 1 1 1 23 13 1 1 309 1 1 1 35 1 1 1 43 1 1 1 27 13 1 1 303 1 1 1 23 1 1 1 11 1 1 1 7 1 1 1 35 1 1 1 31 13 1 1 295 1 1 1 25 1 1 1 3 3 1 1 49 1 1 1 35 13 1 1 289 1 1 1 29 3 1 1 89 13 1 1 287 1 1 1 7 3 1 1 5 3 1 1 59 1 1 1 5 3 1 1 53 1 1 1 7 1 1 1 269 3 1 1 79 7 1 1 49 1 1 1 5 1 1 1 261 1 1 1 9 3 1 1 119 7 1 1 7 1 1 1 287 3 1 1 5 1 1 1 5 1 1 1 5 1 1 1 95 1 1 1 289 3 1 1 5 1 1 1 45 1 1 1 11 1 1 1 53 1 1 1 5 3 1 1 269 1 1 1 75 1 1 1 51 3 1 1 3 3 1 1 269 3 1 1 73 1 1 1 51 1 1 1 5 3 1 1 269 3 1 1 71 5 1 1 45 1 1 1 5 3 1 1 5 1 1 1 257 1 1 1 5 3 1 1 71 3 1 1 45 1 1 1 271 1 1 1 7 1 1 1 71 5 1 1 313 1 1 1 7 1 1 1 71 5 1 1 311 1 1 1 35 1 1 1 43 3 1 1 311 1 1 1 35 1 1 1 5 3 1 1 35 3 1 1 345 1 1 1 5 3 1 1 35 5 1 1 329 1 1 1 11 1 1 1 5 3 1 1 35 3 1 1 329 1 1 1 11 1 1 1 7 1 1 1 35 5 1 1 325 1 1 1 3 1 1 1 7 1 1 1 7 1 1 1 35 3 1 1 325 1 1 1 3 3 1 1 5 1 1 1 7 1 1 1 35 3 1 1 323 1 1 1 3 3 1 1 13 1 1 1 35 3 1 1 321 1 1 1 3 3 1 1 49 5 1 1 321 3 1 1 49 3 1 1 321 3 1 1 49 3 1 1 319 3 1 1 49 5 1 1 317 1 1 1 49 3 1 1 367 3 1 1 295 1 1 1 7 3 1 1 11 1 1 1 5 1 1 1 41 5 1 1 291 3 1 1 5 3 1 1 11 1 1 1 5 1 1 1 41 3 1 1 291 1 1 1 7 3 1 1 11 1 1 1 5 1 1 1 41 5 1 1 295 3 1 1 11 1 1 1 5 1 1 1 41 3 1 1 7 1 1 1 287 3 1 1 5 1 1 1 5 1 1 1 5 1 1 1 41 1 1 1 7 1 1 1 7 1 1 1 281 1 1 1 5 1 1 1 5 1 1 1 5 1 1 1 47 1 1 1 7 1 1 1 275 1 1 1 5 1 1 1 5 1 1 1 7 1 1 1 3 1 1 1 45 1 1 1 7 1 1 1 5 1 1 1 269 3 1 1 5 1 1 1 3 1 1 1 7 1 1 1 33 1 1 1 11 1 1 1 3 3 1 1 5 1 1 1 5 1 1 1 337 3 1 1 5 1 1 1 5 1 1 1 259 1 1 1 77 1 1 1 5 1 1 1 281 1 1 1 7 1 1 1 3 3 1 1 27 3 1 1 9 1 1 1 5 1 1 1 5 1 1 1 333 1 1 1 3 3 1 1 3 3 1 1 3 1 1 1 331 1 1 1 5 1 1 1 335 1 1 1 281 1 1 1 7 1 1 1 3 3 1 1 27 3 1 1 9 1 1 1 3 3 1 1 3 1 1 1 331 1 1 1 5 1 1 1 3 1 1 1 287 1 1 1 27 1 1 1 67 1 1 1 225 1 1 1 5 1 1 1 7 1 1 1 21 1 1 1 9 1 1 1 3 1 1 1 3 3 1 1 323 9 1 1 49 1 1 1 235 1 1 1 27 1 1 1 33 13 1 1 41 9 1 1 185 3 1 1 51 3 1 1 117 1 1 1 205 7 1 1 45 7 1 1 55 1 1 1 173 1 1 1 27 1 1 1 5 1 1 1 51 1 1 1 65 3 1 1 171 1 1 1 23 1 1 1 5 1 1 1 49 3 1 1 63 3 1 1 167 1 1 1 3 1 1 1 23 1 1 1 5 3 1 1 45 7 1 1 55 1 1 1 173 1 1 1 27 1 1 1 5 3 1 1 43 9 1 1 53 3 1 1 171 1 1 1 27 1 1 1 5 3 1 1 41 11 1 1 51 3 1 1 167 1 1 1 37 3 1 1 43 9 1 1 49 3 1 1 167 1 1 1 37 3 1 1 43 9 1 1 49 1 1 1 161 1 1 1 5 3 1 1 35 3 1 1 43 9 1 1 47 1 1 1 161 1 1 1 5 3 1 1 35 3 1 1 43 9 1 1 45 1 1 1 5 1 1 1 155 1 1 1 5 3 1 1 35 3 1 1 43 9 1 1 205 1 1 1 5 3 1 1 35 3 1 1 43 9 1 1 203 1 1 1 5 3 1 1 35 3 1 1 43 9 1 1 209 1 1 1 35 3 1 1 43 9 1 1 207 1 1 1 35 3 1 1 43 9 1 1 241 3 1 1 43 9 1 1 213 1 1 1 25 3 1 1 43 9 1 1 211 1 1 1 25 3 1 1 43 7 1 1 209 3 1 1 25 3 1 1 43 7 1 1 207 3 1 1 25 5 1 1 41 7 1 1 35 1 1 1 169 3 1 1 25 3 1 1 43 7 1 1 203 1 1 1 3 1 1 1 23 3 1 1 43 7 1 1 201 1 1 1 3 1 1 1 23 3 1 1 41 9 1 1 185 1 1 1 17 1 1 1 23 3 1 1 41 9 1 1 183 1 1 1 17 1 1 1 23 3 1 1 41 9 1 1 27 1 1 1 153 1 1 1 17 1 1 1 13 1 1 1 9 1 1 1 43 9 1 1 211 1 1 1 9 1 1 1 43 9 1 1 23 1 1 1 173 1 1 1 11 1 1 1 57 11 1 1 171 1 1 1 7 1 1 1 9 1 1 1 9 3 1 1 9 5 1 1 55 1 1 1 3 3 1 1 7 3 1 1 157 1 1 1 3 1 1 1 23 1 1 1 5 3 1 1 55 1 1 1 13 3 1 1 157 1 1 1 3 1 1 1 9 1 1 1 13 1 1 1 5 3 1 1 53 3 1 1 11 1 1 1 173 1 1 1 13 1 1 1 5 3 1 1 51 3 1 1 185 1 1 1 19 3 1 1 49 3 1 1 167 1 1 1 37 3 1 1 49 1 1 1 5 1 1 1 161 1 1 1 37 3 1 1 47 1 1 1 5 1 1 1 17 1 1 1 137 1 1 1 5 3 1 1 35 3 1 1 45 1 1 1 5 1 1 1 19 1 1 1 135 1 1 1 5 3 1 1 35 3 1 1 49 1 1 1 19 1 1 1 135 1 1 1 5 3 1 1 35 3 1 1 47 1 1 1 19 1 1 1 143 1 1 1 17 1 1 1 17 3 1 1 69 1 1 1 139 1 1 1 17 1 1 1 17 3 1 1 225 1 1 1 17 3 1 1 69 1 1 1 145 1 1 1 7 3 1 1 15 3 1 1 213 1 1 1 9 1 1 1 15 3 1 1 69 1 1 1 139 3 1 1 9 1 1 1 15 1 1 1 39 1 1 1 169 3 1 1 25 1 1 1 37 1 1 1 33 1 1 1 135 3 1 1 25 5 1 1 31 1 1 1 35 1 1 1 133 5 1 1 23 3 1 1 31 1 1 1 35 1 1 1 133 1 1 1 3 1 1 1 23 3 1 1 203 1 1 1 23 3 1 1 29 1 1 1 39 1 1 1 131 1 1 1 23 3 1 1 27 1 1 1 171 1 1 1 23 3 1 1 25 1 1 1 171 1 1 1 23 3 1 1 23 1 1 1 173 1 1 1 21 5 1 1 19 1 1 1 47 1 1 1 125 1 1 1 11 1 1 1 9 3 1 1 193 1 1 1 21 3 1 1 71 1 1 1 109 1 1 1 9 1 1 1 9 1 1 1 11 5 1 1 67 1 1 1 5 1 1 1 103 1 1 1 9 1 1 1 9 1 1 1 11 3 1 1 73 1 1 1 103 1 1 1 9 1 1 1 9 1 1 1 11 1 1 1 73 1 1 1 103 1 1 1 19 1 1 1 83 1 1 1 103 1 1 1 19 1 1 1 11 1 1 1 11 9 1 1 165 1 1 1 13 1 1 1 9 1 1 1 9 9 1 1 143 1 1 1 17 1 1 1 19 1 1 1 7 1 1 1 163 1 1 1 35 3 1 1 161 1 1 1 41 9 1 1 205 9 1 1 131 5 1 1 61 11 1 1 121 3 1 1 21 5 1 1 157 1 1 1 9 1 1 1 19 5 1 1 165 1 1 1 19 3 1 1 165 1 1 1 19 3 1 1 163 1 1 1 19 3 1 1 161 1 1 1 19 3 1 1 159 1 1 1 19 3 1 1 177 5 1 1 155 1 1 1 17 3 1 1 155 1 1 1 17 3 1 1 153 1 1 1 17 3 1 1 151 3 1 1 15 3 1 1 141 1 1 1 7 3 1 1 15 5 1 1 137 1 1 1 7 3 1 1 15 3 1 1 137 1 1 1 9 1 1 1 15 3 1 1 133 3 1 1 9 1 1 1 15 3 1 1 131 3 1 1 9 1 1 1 15 5 1 1 127 5 1 1 23 5 1 1 129 1 1 1 23 3 1 1 129 1 1 1 23 5 1 1 125 1 1 1 23 3 1 1 125 1 1 1 23 3 1 1 123 1 1 1 23 3 1 1 123 1 1 1 21 5 1 1 119 1 1 1 21 3 1 1 119 1 1 1 21 1 1 1 119 1 1 1 25 1 1 1 113 1 1 1 397 1 1 1 9 1 1 1 21 1 1 1 265 3 1 1 5 1 1 1 115 1 1 1 5 3 1 1 103 1 1 1 17 3 1 1 103 1 1 1 13 1 1 1 5 1 1 1 5 1 1 1 101 1 1 1 11 1 1 1 5 1 1 1 101 1 1 1 7 1 1 1 237 1 1 1 5 1 1 1 103 1 1 1 3 1 1 1 103 1 1 1 5 1 1 1 103 1 1 1 5 3 1 1 5 1 1 1 101 1 1 1 107 3 1 1 197 1 1 1 197 1 1 1 5 1 1 1 93 1 1 1 93 1 1 1 3 1 1 1 91 1 1 1 171 1 1 1 3 1 1 1 5 3 1 1 71 1 1 1 7 3 1 1 79 5 1 1 157 1 1 1 77 3 1 1 5 3 1 1 59 1 1 1 73 1 1 1 141 1 1 1 5 3 1 1 63 3 1 1 59 1 1 1 5 1 1 1 3 1 1 1 57 1 1 1 57 1 1 1 11 1 1 1 5 1 1 1 51 1 1 1 5 1 1 1 99 1 1 1 7 1 1 1 7 1 1 1 41 1 1 1 3 3 1 1 29 1 1 1 9 1 1 1 13 1 1 1 87 1 1 1 45 1 1 1 27 3 1 1 13 3 1 1 65 1 1 1 35 3 1 1 9 1 1 1 95 1 1 1 13 1 1 1 9 1 1 1 33 1 1 1 5 3 1 1 31 1 1 1 117 1 1 1 -194009 1 -871 1 -12 1 1 1 -2
1 1 1 152 1 -142 1 1 1 -12 1 5 1 -6 1 2 1 -1 1 1 1 8 1 1 1 3 1 10722 1 5649 1 -16380 1 190088 1 1 1 -140 1 -1 1 -189952 7 1 1 57 9 1 1 55 7 1 1 65 1 1 1 679 7 1 1 57 11 1 1 53 9 1 1 63 1 1 1 679 9 1 1 53 13 1 1 51 11 1 1 61 1 1 1 679 7 1 1 53 15 1 1 49 13 1 1 739 9 1 1 51 15 1 1 49 13 1 1 737 7 1 1 51 17 1 1 49 13 1 1 83 1 1 1 653 7 1 1 49 17 1 1 49 13 1 1 81 1 1 1 653 5 1 1 51 17 1 1 49 13 1 1 79 1 1 1 653 7 1 1 49 17 1 1 49 13 1 1 43 1 1 1 33 1 1 1 653 5 1 1 51 17 1 1 49 13 1 1 41 1 1 1 687 7 1 1 49 17 1 1 49 13 1 1 39 1 1 1 687 5 1 1 51 17 1 1 49 13 1 1 37 1 1 1 687 7 1 1 49 17 1 1 49 13 1 1 35 3 1 1 685 5 1 1 51 17 1 1 49 13 1 1 33 3 1 1 685 7 1 1 49 17 1 1 49 13 1 1 31 3 1 1 677 1 1 1 7 5 1 1 51 17 1 1 49 13 1 1 31 1 1 1 677 1 1 1 7 7 1 1 49 17 1 1 49 13 1 1 29 1 1 1 561 1 1 1 115 1 1 1 7 5 1 1 51 15 1 1 51 13 1 1 27 1 1 1 561 1 1 1 115 1 1 1 7 7 1 1 49 17 1 1 49 13 1 1 587 3 1 1 113 1 1 1 7 5 1 1 51 15 1 1 51 13 1 1 579 1 1 1 5 3 1 1 113 1 1 1 7 7 1 1 51 15 1 1 49 13 1 1 577 1 1 1 5 3 1 1 113 1 1 1 7 5 1 1 51 15 1 1 51 13 1 1 575 1 1 1 5 3 1 1 121 7 1 1 51 15 1 1 49 13 1 1 573 1 1 1 5 3 1 1 121 5 1 1 51 15 1 1 51 13 1 1 571 1 1 1 7 1 1 1 121 7 1 1 51 15 1 1 49 13 1 1 15 1 1 1 553 1 1 1 129 7 1 1 49 15 1 1 51 13 1 1 13 1 1 1 19 1 1 1 663 7 1 1 51 15 1 1 49 13 1 1 11 1 1 1 19 1 1 1 649 1 1 1 13 7 1 1 49 17 1 1 49 13 1 1 9 1 1 1 19 1 1 1 529 1 1 1 5 1 1 1 113 1 1 1 13 7 1 1 51 13 1 1 51 13 1 1 7 1 1 1 549 3 1 1 3 3 1 1 111 1 1 1 13 5 1 1 51 13 1 1 53 13 1 1 5 1 1 1 21 1 1 1 527 3 1 1 3 3 1 1 111 1 1 1 13 3 1 1 53 11 1 1 55 11 1 1 5 1 1 1 21 1 1 1 527 3 1 1 3 3 1 1 5 3 1 1 103 1 1 1 13 1 1 1 55 9 1 1 57 9 1 1 555 3 1 1 3 3 1 1 5 3 1 1 103 1 1 1 69 7 1 1 57 9 1 1 29 1 1 1 525 3 1 1 3 3 1 1 5 3 1 1 117 5 1 1 57 7 1 1 65 5 1 1 675 9 1 1 53 11 1 1 61 5 1 1 675 7 1 1 53 13 1 1 59 1 1 1 3 1 1 1 675 9 1 1 49 15 1 1 57 1 1 1 3 1 1 1 23 1 1 1 651 7 1 1 49 17 1 1 59 1 1 1 23 1 1 1 653 7 1 1 47 17 1 1 81 1 1 1 653 5 1 1 49 17 1 1 79 1 1 1 653 7 1 1 47 17 1 1 43 1 1 1 33 1 1 1 653 5 1 1 49 17 1 1 41 1 1 1 33 1 1 1 653 7 1 1 47 17 1 1 39 1 1 1 11 1 1 1 21 1 1 1 653 5 1 1 49 17 1 1 37 1 1 1 11 3 1 1 19 1 1 1 653 7 1 1 47 17 1 1 35 3 1 1 9 3 1 1 673 5 1 1 51 15 1 1 33 3 1 1 9 3 1 1 673 7 1 1 49 15 1 1 31 3 1 1 9 5 1 1 663 1 1 1 7 5 1 1 49 17 1 1 29 3 1 1 11 3 1 1 663 1 1 1 7 7 1 1 47 17 1 1 27 3 1 1 13 3 1 1 661 1 1 1 7 5 1 1 49 15 1 1 29 1 1 1 15 1 1 1 545 1 1 1 115 1 1 1 7 7 1 1 47 17 1 1 25 1 1 1 15 1 1 1 545 3 1 1 113 1 1 1 7 5 1 1 51 13 1 1 25 1 1 1 15 1 1 1 539 1 1 1 5 3 1 1 113 1 1 1 7 7 1 1 47 17 1 1 37 3 1 1 537 1 1 1 5 3 1 1 113 1 1 1 7 5 1 1 49 15 1 1 39 1 1 1 537 1 1 1 5 3 1 1 113 1 1 1 7 7 1 1 49 13 1 1 37 3 1 1 535 1 1 1 5 3 1 1 5 1 1 1 107 1 1 1 7 5 1 1 49 15 1 1 37 1 1 1 535 1 1 1 5 3 1 1 5 1 1 1 115 7 1 1 49 13 1 1 35 3 1 1 533 1 1 1 5 3 1 1 121 5 1 1 49 15 1 1 15 1 1 1 17 3 1 1 533 1 1 1 7 1 1 1 121 7 1 1 49 15 1 1 11 1 1 1 17 3 1 1 533 1 1 1 115 1 1 1 13 7 1 1 49 13 1 1 11 1 1 1 19 1 1 1 535 1 1 1 113 1 1 1 13 7 1 1 49 13 1 1 9 1 1 1 19 3 1 1 527 1 1 1 5 3 1 1 111 1 1 1 13 5 1 1 49 17 1 1 5 1 1 1 19 3 1 1 527 3 1 1 3 3 1 1 111 1 1 1 13 3 1 1 53 13 1 1 5 1 1 1 19 3 1 1 527 3 1 1 3 3 1 1 5 3 1 1 103 1 1 1 13 1 1 1 53 13 1 1 5 1 1 1 21 1 1 1 527 3 1 1 3 3 1 1 5 3 1 1 103 1 1 1 67 11 1 1 27 3 1 1 525 3 1 1 3 3 1 1 5 3 1 1 103 1 1 1 13 7 1 1 63 5 1 1 19 1 1 1 653 9 1 1 63 5 1 1 673 11 1 1 59 5 1 1 21 3 1 1 539 3 1 1 107 9 1 1 59 1 1 1 3 1 1 1 23 1 1 1 541 1 1 1 107 11 1 1 55 1 1 1 3 1 1 1 23 1 1 1 541 1 1 1 111 5 1 1 59 1 1 1 23 1 1 1 653 7 1 1 79 1 1 1 653 5 1 1 45 1 1 1 33 1 1 1 653 7 1 1 41 1 1 1 11 1 1 1 21 1 1 1 653 5 1 1 41 1 1 1 11 3 1 1 19 3 1 1 651 7 1 1 37 3 1 1 9 3 1 1 19 3 1 1 651 5 1 1 37 3 1 1 9 5 1 1 17 3 1 1 651 7 1 1 33 3 1 1 9 5 1 1 19 1 1 1 651 5 1 1 33 3 1 1 9 5 1 1 19 3 1 1 641 1 1 1 7 7 1 1 29 3 1 1 9 7 1 1 19 1 1 1 641 1 1 1 7 5 1 1 29 3 1 1 11 5 1 1 19 1 1 1 525 1 1 1 115 1 1 1 7 7 1 1 27 1 1 1 13 3 1 1 19 3 1 1 523 3 1 1 113 1 1 1 7 5 1 1 27 1 1 1 13 3 1 1 21 1 1 1 523 3 1 1 113 1 1 1 7 7 1 1 23 1 1 1 15 3 1 1 19 1 1 1 517 1 1 1 5 3 1 1 113 1 1 1 7 5 1 1 39 3 1 1 537 1 1 1 5 3 1 1 5 1 1 1 107 1 1 1 7 7 1 1 35 5 1 1 19 3 1 1 513 1 1 1 5 3 1 1 5 1 1 1 107 1 1 1 7 5 1 1 37 3 1 1 21 1 1 1 513 1 1 1 5 3 1 1 5 1 1 1 107 1 1 1 7 7 1 1 33 5 1 1 19 3 1 1 511 1 1 1 5 3 1 1 5 1 1 1 115 5 1 1 17 1 1 1 17 3 1 1 19 3 1 1 511 1 1 1 5 3 1 1 5 1 1 1 115 7 1 1 13 1 1 1 17 3 1 1 19 5 1 1 509 1 1 1 7 1 1 1 5 1 1 1 101 1 1 1 13 5 1 1 13 1 1 1 17 3 1 1 23 1 1 1 509 1 1 1 115 1 1 1 13 7 1 1 9 1 1 1 17 5 1 1 21 1 1 1 511 1 1 1 113 1 1 1 13 5 1 1 9 1 1 1 19 3 1 1 21 1 1 1 511 3 1 1 111 1 1 1 13 7 1 1 5 1 1 1 19 3 1 1 21 3 1 1 503 3 1 1 3 3 1 1 5 1 1 1 105 1 1 1 13 5 1 1 5 1 1 1 19 5 1 1 21 1 1 1 503 3 1 1 3 3 1 1 5 3 1 1 103 1 1 1 13 3 1 1 5 1 1 1 19 5 1 1 21 1 1 1 503 3 1 1 3 3 1 1 5 3 1 1 103 1 1 1 13 1 1 1 27 3 1 1 23 1 1 1 501 3 1 1 3 3 1 1 5 3 1 1 103 1 1 1 39 3 1 1 23 1 1 1 501 3 1 1 3 3 1 1 5 3 1 1 103 1 1 1 13 1 1 1 9 5 1 1 17 5 1 1 19 1 1 1 637 7 1 1 17 5 1 1 19 1 1 1 503 1 1 1 115 1 1 1 23 5 1 1 21 3 1 1 17 1 1 1 491 3 1 1 111 1 1 1 13 3 1 1 19 5 1 1 19 3 1 1 17 3 1 1 497 3 1 1 3 1 1 1 103 5 1 1 19 3 1 1 21 3 1 1 17 3 1 1 23 1 1 1 473 3 1 1 107 3 1 1 19 5 1 1 19 3 1 1 17 3 1 1 25 5 1 1 467 3 1 1 3 1 1 1 103 1 1 1 3 3 1 1 17 5 1 1 19 3 1 1 19 3 1 1 25 1 1 1 479 1 1 1 99 3 1 1 15 5 1 1 19 3 1 1 19 5 1 1 23 3 1 1 477 1 1 1 99 1 1 1 17 5 1 1 17 5 1 1 17 7 1 1 23 1 1 1 569 1 1 1 7 1 1 1 17 7 1 1 15 5 1 1 19 5 1 1 23 1 1 1 451 3 1 1 5 1 1 1 5 1 1 1 3 1 1 1 7 1 1 1 89 1 1 1 7 1 1 1 17 7 1 1 15 5 1 1 21 5 1 1 21 1 1 1 443 1 1 1 5 3 1 1 5 1 1 1 5 1 1 1 3 3 1 1 95 1 1 1 7 1 1 1 17 7 1 1 15 5 1 1 19 7 1 1 21 3 1 1 439 1 1 1 5 3 1 1 5 1 1 1 5 1 1 1 5 1 1 1 103 1 1 1 17 7 1 1 15 5 1 1 19 7 1 1 19 5 1 1 19 1 1 1 417 5 1 1 9 1 1 1 11 1 1 1 89 1 1 1 13 1 1 1 19 5 1 1 15 5 1 1 21 5 1 1 19 5 1 1 437 3 1 1 5 3 1 1 103 1 1 1 33 3 1 1 17 3 1 1 23 3 1 1 23 1 1 1 437 3 1 1 5 3 1 1 103 1 1 1 13 1 1 1 21 3 1 1 17 3 1 1 23 3 1 1 21 1 1 1 449 3 1 1 3 1 1 1 103 5 1 1 19 3 1 1 17 3 1 1 23 7 1 1 19 1 1 1 447 3 1 1 3 1 1 1 103 1 1 1 3 1 1 1 19 3 1 1 17 7 1 1 19 7 1 1 17 3 1 1 21 3 1 1 23 1 1 1 397 3 1 1 3 1 1 1 5 3 1 1 5 1 1 1 89 1 1 1 3 1 1 1 19 3 1 1 17 7 1 1 23 3 1 1 17 3 1 1 455 3 1 1 99 1 1 1 17 5 1 1 17 7 1 1 21 5 1 1 17 3 1 1 449 1 1 1 97 1 1 1 7 1 1 1 17 5 1 1 19 5 1 1 21 5 1 1 19 1 1 1 429 3 1 1 5 1 1 1 5 1 1 1 3 1 1 1 7 1 1 1 89 1 1 1 7 3 1 1 15 5 1 1 19 7 1 1 19 5 1 1 19 1 1 1 421 1 1 1 5 3 1 1 5 1 1 1 5 1 1 1 3 3 1 1 5 1 1 1 89 1 1 1 7 3 1 1 15 5 1 1 19 7 1 1 19 3 1 1 21 1 1 1 419 1 1 1 5 3 1 1 5 1 1 1 5 1 1 1 3 3 1 1 103 1 1 1 15 5 1 1 19 7 1 1 19 5 1 1 439 1 1 1 5 3 1 1 5 1 1 1 5 1 1 1 5 1 1 1 103 1 1 1 15 5 1 1 19 7 1 1 19 5 1 1 19 1 1 1 431 1 1 1 11 1 1 1 89 1 1 1 13 1 1 1 15 5 1 1 21 5 1 1 19 5 1 1 19 1 1 1 417 3 1 1 5 3 1 1 103 1 1 1 29 3 1 1 23 3 1 1 21 3 1 1 21 1 1 1 415 3 1 1 5 3 1 1 117 1 1 1 17 3 1 1 23 5 1 1 19 3 1 1 19 1 1 1 427 3 1 1 3 1 1 1 103 1 1 1 19 3 1 1 23 7 1 1 17 3 1 1 23 1 1 1 423 3 1 1 3 1 1 1 103 1 1 1 3 1 1 1 17 7 1 1 23 3 1 1 17 3 1 1 23 1 1 1 431 3 1 1 99 1 1 1 17 7 1 1 21 5 1 1 15 7 1 1 21 1 1 1 425 1 1 1 97 1 1 1 7 1 1 1 19 5 1 1 21 5 1 1 19 1 1 1 23 3 1 1 403 1 1 1 13 1 1 1 3 1 1 1 7 3 1 1 87 1 1 1 7 1 1 1 19 7 1 1 19 5 1 1 19 3 1 1 23 1 1 1 401 3 1 1 5 1 1 1 5 1 1 1 3 3 1 1 5 3 1 1 95 1 1 1 19 7 1 1 19 5 1 1 17 5 1 1 23 1 1 1 401 1 1 1 5 1 1 1 5 1 1 1 5 1 1 1 103 1 1 1 19 7 1 1 19 5 1 1 17 5 1 1 23 1 1 1 405 1 1 1 11 1 1 1 89 1 1 1 13 1 1 1 21 5 1 1 19 5 1 1 17 5 1 1 23 1 1 1 391 1 1 1 7 3 1 1 103 1 1 1 35 3 1 1 21 3 1 1 19 3 1 1 25 1 1 1 397 3 1 1 117 1 1 1 23 5 1 1 19 3 1 1 19 1 1 1 25 1 1 1 401 3 1 1 3 1 1 1 103 1 1 1 25 7 1 1 17 3 1 1 19 5 1 1 23 1 1 1 399 3 1 1 3 1 1 1 5 1 1 1 7 1 1 1 5 1 1 1 83 1 1 1 3 3 1 1 21 5 1 1 19 1 1 1 23 1 1 1 23 1 1 1 399 1 1 1 3 1 1 1 5 3 1 1 99 3 1 1 23 3 1 1 17 5 1 1 19 5 1 1 21 1 1 1 407 3 1 1 7 1 1 1 91 3 1 1 21 5 1 1 15 5 1 1 19 5 1 1 21 3 1 1 407 1 1 1 7 1 1 1 91 1 1 1 21 5 1 1 15 7 1 1 21 1 1 1 23 1 1 1 415 1 1 1 91 1 1 1 21 5 1 1 17 5 1 1 19 7 1 1 19 3 1 1 393 1 1 1 3 1 1 1 7 3 1 1 5 1 1 1 89 3 1 1 19 5 1 1 17 5 1 1 21 5 1 1 21 3 1 1 375 3 1 1 5 1 1 1 5 1 1 1 3 3 1 1 5 3 1 1 95 3 1 1 19 5 1 1 17 5 1 1 21 3 1 1 21 7 1 1 373 1 1 1 5 1 1 1 5 1 1 1 3 3 1 1 5 1 1 1 97 1 1 1 19 5 1 1 17 5 1 1 21 5 1 1 21 7 1 1 377 1 1 1 5 1 1 1 5 1 1 1 5 1 1 1 97 1 1 1 19 5 1 1 17 5 1 1 21 5 1 1 23 5 1 1 387 1 1 1 103 1 1 1 19 5 1 1 17 5 1 1 21 5 1 1 27 1 1 1 369 3 1 1 137 3 1 1 19 3 1 1 23 3 1 1 29 1 1 1 367 3 1 1 117 3 1 1 19 3 1 1 19 5 1 1 21 3 1 1 399 3 1 1 3 1 1 1 23 1 1 1 79 1 1 1 3 3 1 1 17 3 1 1 19 5 1 1 21 3 1 1 399 3 1 1 3 1 1 1 13 1 1 1 5 1 1 1 3 1 1 1 79 1 1 1 3 1 1 1 17 3 1 1 19 7 1 1 21 3 1 1 397 3 1 1 3 1 1 1 5 1 1 1 7 1 1 1 5 1 1 1 3 1 1 1 79 1 1 1 21 1 1 1 21 5 1 1 21 3 1 1 47 1 1 1 349 3 1 1 3 1 1 1 5 3 1 1 5 1 1 1 5 1 1 1 7 1 1 1 79 1 1 1 17 5 1 1 19 5 1 1 21 3 1 1 21 1 1 1 383 3 1 1 7 1 1 1 91 1 1 1 15 7 1 1 19 5 1 1 19 5 1 1 21 3 1 1 375 1 1 1 5 1 1 1 7 1 1 1 91 1 1 1 15 7 1 1 19 7 1 1 17 7 1 1 21 1 1 1 369 1 1 1 3 1 1 1 7 3 1 1 3 3 1 1 89 1 1 1 17 5 1 1 19 7 1 1 21 3 1 1 21 1 1 1 361 1 1 1 5 1 1 1 3 3 1 1 5 3 1 1 5 1 1 1 89 1 1 1 17 5 1 1 21 5 1 1 19 11 1 1 15 5 1 1 355 1 1 1 11 1 1 1 5 1 1 1 97 1 1 1 17 5 1 1 21 5 1 1 21 9 1 1 19 1 1 1 19 1 1 1 345 1 1 1 103 1 1 1 17 5 1 1 21 5 1 1 27 3 1 1 19 1 1 1 485 3 1 1 23 3 1 1 27 3 1 1 21 1 1 1 347 1 1 1 117 1 1 1 19 5 1 1 21 3 1 1 399 1 1 1 27 3 1 1 101 5 1 1 21 5 1 1 397 3 1 1 3 1 1 1 13 1 1 1 5 1 1 1 3 1 1 1 83 3 1 1 19 5 1 1 21 3 1 1 21 1 1 1 23 1 1 1 361 1 1 1 7 1 1 1 91 3 1 1 19 5 1 1 19 5 1 1 19 5 1 1 23 1 1 1 357 1 1 1 7 1 1 1 9 1 1 1 81 1 1 1 19 5 1 1 19 7 1 1 19 3 1 1 23 1 1 1 357 1 1 1 7 3 1 1 7 1 1 1 81 1 1 1 19 7 1 1 17 9 1 1 17 5 1 1 21 1 1 1 345 1 1 1 3 1 1 1 7 3 1 1 3 3 1 1 89 1 1 1 19 7 1 1 19 7 1 1 19 1 1 1 23 1 1 1 343 1 1 1 3 3 1 1 5 3 1 1 5 1 1 1 89 1 1 1 21 5 1 1 19 11 1 1 13 9 1 1 17 3 1 1 345 1 1 1 5 1 1 1 97 1 1 1 21 5 1 1 21 9 1 1 13 9 1 1 17 3 1 1 447 1 1 1 21 5 1 1 23 7 1 1 17 5 1 1 15 3 1 1 469 3 1 1 27 3 1 1 19 3 1 1 17 3 1 1 445 3 1 1 21 3 1 1 427 3 1 1 7 3 1 1 73 1 1 1 21 5 1 1 403 1 1 1 13 1 1 1 5 5 1 1 9 3 1 1 71 1 1 1 19 5 1 1 47 1 1 1 351 1 1 1 3 1 1 1 5 1 1 1 7 1 1 1 5 1 1 1 3 1 1 1 3 1 1 1 5 3 1 1 71 1 1 1 21 3 1 1 23 1 1 1 21 5 1 1 15 3 1 1 13 1 1 1 319 1 1 1 5 3 1 1 5 1 1 1 5 1 1 1 7 1 1 1 7 1 1 1 71 1 1 1 21 3 1 1 21 3 1 1 19 7 1 1 15 1 1 1 15 1 1 1 325 1 1 1 7 1 1 1 91 3 1 1 17 7 1 1 17 7 1 1 19 5 1 1 15 1 1 1 15 1 1 1 323 1 1 1 3 1 1 1 3 3 1 1 7 1 1 1 81 3 1 1 17 9 1 1 15 7 1 1 21 3 1 1 15 1 1 1 15 1 1 1 315 1 1 1 7 3 1 1 3 3 1 1 7 1 1 1 81 1 1 1 17 9 1 1 17 5 1 1 21 3 1 1 15 1 1 1 15 1 1 1 315 1 1 1 7 3 1 1 5 1 1 1 89 1 1 1 17 11 1 1 15 5 1 1 19 5 1 1 15 1 1 1 15 1 1 1 313 3 1 1 5 3 1 1 5 1 1 1 89 1 1 1 19 11 1 1 13 9 1 1 15 5 1 1 345 1 1 1 5 1 1 1 19 1 1 1 9 1 1 1 67 1 1 1 21 9 1 1 13 9 1 1 15 5 1 1 447 1 1 1 23 7 1 1 17 5 1 1 15 5 1 1 11 1 1 1 459 3 1 1 19 3 1 1 17 3 1 1 11 1 1 1 433 1 1 1 81 1 1 1 343 5 1 1 7 3 1 1 73 1 1 1 81 1 1 1 335 1 1 1 5 5 1 1 3 1 1 1 3 5 1 1 117 3 1 1 17 1 1 1 15 1 1 1 325 3 1 1 5 1 1 1 5 1 1 1 3 1 1 1 3 1 1 1 7 1 1 1 71 1 1 1 21 5 1 1 17 7 1 1 13 5 1 1 11 5 1 1 323 1 1 1 7 1 1 1 9 3 1 1 79 3 1 1 17 7 1 1 17 7 1 1 13 5 1 1 11 5 1 1 329 3 1 1 7 1 1 1 81 3 1 1 17 7 1 1 19 5 1 1 13 3 1 1 13 3 1 1 323 3 1 1 3 3 1 1 7 1 1 1 81 3 1 1 15 7 1 1 19 5 1 1 13 5 1 1 11 5 1 1 321 3 1 1 3 3 1 1 7 1 1 1 81 5 1 1 15 7 1 1 17 5 1 1 13 3 1 1 13 3 1 1 321 3 1 1 5 1 1 1 11 1 1 1 9 1 1 1 67 5 1 1 13 9 1 1 15 7 1 1 13 1 1 1 15 1 1 1 321 3 1 1 5 1 1 1 11 1 1 1 7 3 1 1 5 3 1 1 59 5 1 1 13 9 1 1 15 5 1 1 13 1 1 1 15 1 1 1 341 1 1 1 9 1 1 1 5 3 1 1 59 3 1 1 13 9 1 1 17 3 1 1 371 1 1 1 9 1 1 1 5 3 1 1 59 3 1 1 13 9 1 1 15 5 1 1 369 1 1 1 9 1 1 1 5 3 1 1 59 1 1 1 13 9 1 1 15 5 1 1 387 1 1 1 59 1 1 1 17 5 1 1 15 5 1 1 11 1 1 1 367 3 1 1 81 3 1 1 17 3 1 1 11 1 1 1 369 1 1 1 63 3 1 1 17 7 1 1 13 5 1 1 11 5 1 1 323 1 1 1 7 1 1 1 9 3 1 1 79 3 1 1 17 7 1 1 13 5 1 1 11 5 1 1 329 3 1 1 7 1 1 1 81 1 1 1 19 5 1 1 15 3 1 1 11 5 1 1 329 3 1 1 7 1 1 1 81 1 1 1 19 5 1 1 13 5 1 1 11 5 1 1 321 3 1 1 3 3 1 1 7 1 1 1 81 3 1 1 17 5 1 1 13 3 1 1 13 3 1 1 321 3 1 1 5 1 1 1 11 1 1 1 7 3 1 1 5 1 1 1 61 5 1 1 15 5 1 1 13 1 1 1 15 1 1 1 341 1 1 1 7 3 1 1 5 3 1 1 59 3 1 1 15 5 1 1 29 1 1 1 5 1 1 1 335 1 1 1 7 3 1 1 5 3 1 1 59 1 1 1 17 5 1 1 33 1 1 1 335 1 1 1 9 1 1 1 5 3 1 1 59 1 1 1 15 5 1 1 33 1 1 1 335 1 1 1 11 1 1 1 3 3 1 1 59 1 1 1 15 5 1 1 11 1 1 1 367 3 1 1 5 1 1 1 73 3 1 1 11 1 1 1 21 1 1 1 55 1 1 1 289 3 1 1 5 1 1 1 57 3 1 1 15 3 1 1 13 3 1 1 21 13 1 1 289 3 1 1 5 1 1 1 5 1 1 1 7 1 1 1 7 1 1 1 71 3 1 1 13 5 1 1 11 5 1 1 23 13 1 1 287 1 1 1 7 1 1 1 3 1 1 1 7 1 1 1 7 1 1 1 71 1 1 1 13 5 1 1 11 5 1 1 31 5 1 1 295 1 1 1 9 3 1 1 79 1 1 1 13 5 1 1 11 5 1 1 35 5 1 1 289 1 1 1 9 1 1 1 81 1 1 1 13 5 1 1 11 5 1 1 37 7 1 1 277 3 1 1 5 1 1 1 7 1 1 1 81 1 1 1 13 3 1 1 13 3 1 1 45 7 1 1 269 1 1 1 7 1 1 1 11 1 1 1 7 3 1 1 5 3 1 1 59 1 1 1 13 1 1 1 15 1 1 1 5 1 1 1 45 5 1 1 285 1 1 1 7 3 1 1 5 3 1 1 59 1 1 1 13 1 1 1 19 1 1 1 47 9 1 1 279 1 1 1 7 13 1 1 3 1 1 1 53 1 1 1 11 1 1 1 19 3 1 1 53 3 1 1 289 3 1 1 3 3 1 1 3 1 1 1 63 1 1 1 21 1 1 1 55 1 1 1 289 3 1 1 5 1 1 1 57 1 1 1 13 3 1 1 21 15 1 1 309 1 1 1 7 1 1 1 71 1 1 1 11 5 1 1 27 13 1 1 291 1 1 1 9 3 1 1 23 1 1 1 19 1 1 1 35 1 1 1 11 5 1 1 31 13 1 1 285 1 1 1 9 1 1 1 25 1 1 1 3 3 1 1 49 1 1 1 11 5 1 1 35 13 1 1 281 1 1 1 7 1 1 1 31 1 1 1 61 3 1 1 41 13 1 1 287 1 1 1 7 3 1 1 5 3 1 1 79 1 1 1 55 1 1 1 289 3 1 1 5 1 1 1 45 1 1 1 11 1 1 1 11 3 1 1 5 5 1 1 51 3 1 1 3 3 1 1 259 3 1 1 7 5 1 1 81 3 1 1 5 9 1 1 49 1 1 1 5 1 1 1 257 5 1 1 3 1 1 1 3 5 1 1 71 3 1 1 19 19 1 1 305 1 1 1 7 1 1 1 15 1 1 1 11 1 1 1 5 3 1 1 35 1 1 1 25 17 1 1 289 1 1 1 9 3 1 1 23 1 1 1 3 1 1 1 7 1 1 1 5 3 1 1 35 3 1 1 27 17 1 1 283 1 1 1 9 1 1 1 25 1 1 1 3 3 1 1 5 1 1 1 7 1 1 1 35 1 1 1 33 17 1 1 39 1 1 1 239 1 1 1 7 1 1 1 11 1 1 1 17 3 1 1 87 17 1 1 285 1 1 1 7 3 1 1 5 3 1 1 9 3 1 1 5 1 1 1 41 1 1 1 5 7 1 1 49 3 1 1 3 3 1 1 5 1 1 1 253 3 1 1 7 5 1 1 75 11 1 1 45 3 1 1 3 5 1 1 5 1 1 1 253 1 1 1 3 1 1 1 3 5 1 1 115 13 1 1 5 1 1 1 7 1 1 1 263 1 1 1 9 3 1 1 3 3 1 1 5 1 1 1 5 3 1 1 3 1 1 1 31 1 1 1 61 3 1 1 5 1 1 1 13 1 1 1 269 3 1 1 5 1 1 1 3 1 1 1 7 1 1 1 33 1 1 1 11 3 1 1 51 3 1 1 3 5 1 1 3 1 1 1 5 1 1 1 257 3 1 1 73 3 1 1 49 3 1 1 3 5 1 1 3 3 1 1 3 3 1 1 247 1 1 1 7 5 1 1 71 5 1 1 45 3 1 1 3 5 1 1 5 1 1 1 5 1 1 1 247 1 1 1 7 5 1 1 71 7 1 1 41 3 1 1 5 3 1 1 5 1 1 1 5 1 1 1 5 1 1 1 241 1 1 1 3 1 1 1 5 3 1 1 37 1 1 1 33 7 1 1 41 1 1 1 5 3 1 1 5 1 1 1 257 1 1 1 5 3 1 1 33 1 1 1 37 7 1 1 39 1 1 1 271 1 1 1 7 1 1 1 27 1 1 1 5 3 1 1 35 7 1 1 309 1 1 1 7 1 1 1 27 1 1 1 5 3 1 1 35 7 1 1 307 1 1 1 35 1 1 1 5 3 1 1 35 7 1 1 305 1 1 1 23 1 1 1 11 1 1 1 5 3 1 1 35 7 1 1 303 1 1 1 23 1 1 1 11 1 1 1 5 3 1 1 35 7 1 1 325 1 1 1 3 1 1 1 7 1 1 1 5 3 1 1 35 7 1 1 323 1 1 1 3 3 1 1 5 1 1 1 5 3 1 1 35 7 1 1 321 1 1 1 3 3 1 1 5 1 1 1 7 1 1 1 35 7 1 1 45 1 1 1 273 1 1 1 3 3 1 1 5 1 1 1 7 1 1 1 35 7 1 1 43 1 1 1 273 1 1 1 3 3 1 1 13 1 1 1 35 7 1 1 41 1 1 1 273 1 1 1 3 3 1 1 13 1 1 1 35 7 1 1 39 1 1 1 277 3 1 1 49 7 1 1 37 1 1 1 277 3 1 1 49 7 1 1 35 1 1 1 259 1 1 1 7 1 1 1 9 3 1 1 49 5 1 1 35 1 1 1 259 3 1 1 5 3 1 1 9 3 1 1 5 1 1 1 41 7 1 1 283 1 1 1 7 3 1 1 5 3 1 1 11 1 1 1 5 1 1 1 41 7 1 1 281 1 1 1 7 3 1 1 5 3 1 1 11 1 1 1 5 1 1 1 41 7 1 1 279 1 1 1 7 3 1 1 5 3 1 1 11 1 1 1 5 1 1 1 41 5 1 1 7 1 1 1 271 1 1 1 7 3 1 1 5 3 1 1 5 1 1 1 5 1 1 1 5 1 1 1 41 3 1 1 7 1 1 1 7 1 1 1 263 1 1 1 7 3 1 1 5 3 1 1 5 1 1 1 5 3 1 1 3 1 1 1 31 1 1 1 9 1 1 1 7 1 1 1 7 1 1 1 275 1 1 1 3 3 1 1 5 1 1 1 5 3 1 1 3 3 1 1 29 1 1 1 9 1 1 1 5 1 1 1 7 1 1 1 5 1 1 1 269 9 1 1 3 1 1 1 5 3 1 1 3 3 1 1 27 3 1 1 13 1 1 1 7 1 1 1 5 1 1 1 269 3 1 1 5 1 1 1 3 1 1 1 7 1 1 1 5 1 1 1 27 3 1 1 9 1 1 1 3 5 1 1 3 3 1 1 3 3 1 1 3 1 1 1 251 3 1 1 75 5 1 1 3 3 1 1 3 3 1 1 257 3 1 1 37 1 1 1 39 1 1 1 5 1 1 1 269 1 1 1 5 3 1 1 3 1 1 1 5 3 1 1 3 3 1 1 27 3 1 1 9 3 1 1 3 3 1 1 3 3 1 1 3 1 1 1 3 1 1 1 323 1 1 1 3 3 1 1 3 3 1 1 3 7 1 1 247 3 1 1 37 1 1 1 27 1 1 1 7 3 1 1 3 3 1 1 5 1 1 1 3 1 1 1 249 1 1 1 37 1 1 1 27 1 1 1 9 1 1 1 61 3 1 1 205 1 1 1 11 1 1 1 5 3 1 1 3 3 1 1 27 3 1 1 9 1 1 1 3 3 1 1 3 1 1 1 3 3 1 1 323 3 1 1 3 11 1 1 47 1 1 1 235 1 1 1 27 1 1 1 65 3 1 1 49 11 1 1 157 1 1 1 7 1 1 1 3 3 1 1 7 1 1 1 19 3 1 1 9 1 1 1 3 1 1 1 3 3 1 1 117 1 1 1 169 1 1 1 3 1 1 1 31 11 1 1 47 5 1 1 61 1 1 1 169 1 1 1 3 1 1 1 23 1 1 1 31 17 1 1 35 15 1 1 183 3 1 1 13 1 1 1 7 3 1 1 27 3 1 1 51 1 1 1 65 3 1 1 167 1 1 1 3 1 1 1 23 1 1 1 5 13 1 1 41 9 1 1 53 3 1 1 11 1 1 1 155 1 1 1 3 1 1 1 3 1 1 1 23 1 1 1 5 3 1 1 49 3 1 1 63 3 1 1 7 1 1 1 159 1 1 1 3 1 1 1 23 1 1 1 5 3 1 1 47 5 1 1 57 1 1 1 3 3 1 1 7 1 1 1 159 1 1 1 3 1 1 1 23 1 1 1 5 7 1 1 41 9 1 1 53 7 1 1 7 3 1 1 157 1 1 1 3 1 1 1 9 1 1 1 13 1 1 1 5 7 1 1 39 13 1 1 49 3 1 1 11 7 1 1 149 1 1 1 3 1 1 1 3 1 1 1 9 1 1 1 13 1 1 1 5 7 1 1 37 13 1 1 49 3 1 1 11 1 1 1 5 3 1 1 141 1 1 1 5 5 1 1 13 1 1 1 13 1 1 1 5 7 1 1 35 17 1 1 45 3 1 1 5 1 1 1 11 5 1 1 139 1 1 1 5 3 1 1 15 1 1 1 13 1 1 1 5 7 1 1 35 17 1 1 43 3 1 1 5 1 1 1 13 5 1 1 137 1 1 1 5 3 1 1 35 5 1 1 39 13 1 1 45 1 1 1 5 1 1 1 15 5 1 1 135 1 1 1 5 3 1 1 35 7 1 1 35 17 1 1 41 1 1 1 5 1 1 1 17 3 1 1 135 1 1 1 5 3 1 1 35 5 1 1 39 13 1 1 41 1 1 1 5 1 1 1 19 3 1 1 133 1 1 1 5 3 1 1 35 7 1 1 37 13 1 1 45 1 1 1 19 5 1 1 131 1 1 1 5 3 1 1 17 1 1 1 17 5 1 1 37 17 1 1 41 1 1 1 19 7 1 1 121 1 1 1 7 1 1 1 5 3 1 1 17 1 1 1 17 7 1 1 37 13 1 1 65 5 1 1 119 1 1 1 7 1 1 1 7 1 1 1 9 1 1 1 7 1 1 1 17 5 1 1 37 17 1 1 63 5 1 1 117 1 1 1 15 1 1 1 9 1 1 1 7 3 1 1 15 7 1 1 35 15 1 1 65 5 1 1 115 1 1 1 15 1 1 1 7 3 1 1 7 3 1 1 15 7 1 1 37 13 1 1 65 3 1 1 115 1 1 1 23 3 1 1 9 1 1 1 15 7 1 1 35 15 1 1 35 1 1 1 29 5 1 1 135 3 1 1 9 1 1 1 15 7 1 1 37 11 1 1 35 1 1 1 33 1 1 1 135 5 1 1 23 7 1 1 35 15 1 1 31 1 1 1 33 3 1 1 133 5 1 1 23 7 1 1 35 13 1 1 31 1 1 1 35 3 1 1 117 1 1 1 13 5 1 1 23 7 1 1 37 13 1 1 27 1 1 1 35 5 1 1 115 1 1 1 13 5 1 1 23 7 1 1 35 13 1 1 27 3 1 1 33 7 1 1 113 1 1 1 13 1 1 1 3 1 1 1 23 5 1 1 37 15 1 1 25 1 1 1 39 1 1 1 113 1 1 1 17 1 1 1 13 1 1 1 9 3 1 1 37 17 1 1 23 1 1 1 39 5 1 1 109 1 1 1 17 1 1 1 13 1 1 1 9 3 1 1 39 13 1 1 23 1 1 1 153 3 1 1 15 3 1 1 11 1 1 1 9 1 1 1 39 17 1 1 19 1 1 1 43 5 1 1 105 3 1 1 15 3 1 1 9 3 1 1 53 17 1 1 61 7 1 1 5 1 1 1 89 1 1 1 5 1 1 1 7 1 1 1 9 1 1 1 9 3 1 1 9 7 1 1 53 7 1 1 7 7 1 1 153 1 1 1 3 1 1 1 9 1 1 1 13 1 1 1 5 7 1 1 51 7 1 1 7 9 1 1 151 1 1 1 3 1 1 1 9 1 1 1 13 1 1 1 5 7 1 1 49 3 1 1 3 1 1 1 7 11 1 1 145 1 1 1 3 1 1 1 3 1 1 1 9 1 1 1 13 1 1 1 5 7 1 1 47 3 1 1 11 13 1 1 143 1 1 1 3 1 1 1 13 1 1 1 13 1 1 1 5 7 1 1 45 3 1 1 5 1 1 1 5 13 1 1 137 1 1 1 5 3 1 1 15 1 1 1 19 5 1 1 45 3 1 1 5 1 1 1 11 9 1 1 135 1 1 1 5 3 1 1 15 1 1 1 19 7 1 1 41 3 1 1 5 1 1 1 13 9 1 1 133 1 1 1 5 3 1 1 35 5 1 1 43 1 1 1 5 1 1 1 15 7 1 1 133 1 1 1 5 3 1 1 35 7 1 1 39 1 1 1 5 1 1 1 15 11 1 1 129 1 1 1 5 3 1 1 17 1 1 1 17 5 1 1 45 1 1 1 19 7 1 1 129 1 1 1 5 3 1 1 17 1 1 1 17 7 1 1 41 1 1 1 19 11 1 1 125 1 1 1 5 3 1 1 17 1 1 1 17 5 1 1 61 11 1 1 133 1 1 1 9 1 1 1 7 3 1 1 15 7 1 1 59 11 1 1 131 1 1 1 9 1 1 1 7 3 1 1 15 5 1 1 63 9 1 1 137 3 1 1 7 3 1 1 15 5 1 1 37 1 1 1 23 11 1 1 135 3 1 1 7 3 1 1 15 5 1 1 35 1 1 1 27 9 1 1 133 3 1 1 9 1 1 1 15 5 1 1 33 1 1 1 27 11 1 1 131 5 1 1 7 1 1 1 15 7 1 1 29 1 1 1 33 9 1 1 127 5 1 1 23 7 1 1 27 3 1 1 31 11 1 1 111 1 1 1 13 5 1 1 23 5 1 1 27 3 1 1 33 9 1 1 111 1 1 1 13 1 1 1 3 1 1 1 23 7 1 1 25 1 1 1 33 13 1 1 107 1 1 1 13 1 1 1 3 1 1 1 23 5 1 1 25 1 1 1 37 9 1 1 107 1 1 1 17 1 1 1 13 1 1 1 9 7 1 1 21 1 1 1 39 11 1 1 103 1 1 1 17 3 1 1 11 1 1 1 9 7 1 1 19 1 1 1 41 9 1 1 121 3 1 1 11 1 1 1 9 7 1 1 17 1 1 1 41 13 1 1 101 1 1 1 7 1 1 1 9 1 1 1 9 3 1 1 9 7 1 1 15 1 1 1 45 9 1 1 101 1 1 1 7 1 1 1 9 1 1 1 9 3 1 1 9 7 1 1 61 7 1 1 3 3 1 1 103 1 1 1 9 1 1 1 9 3 1 1 9 5 1 1 61 7 1 1 3 3 1 1 103 1 1 1 9 1 1 1 9 3 1 1 9 3 1 1 65 3 1 1 3 3 1 1 103 1 1 1 9 1 1 1 9 1 1 1 11 1 1 1 67 1 1 1 3 3 1 1 103 1 1 1 9 1 1 1 9 1 1 1 77 1 1 1 3 3 1 1 103 1 1 1 9 1 1 1 9 1 1 1 11 5 1 1 7 13 1 1 147 1 1 1 3 1 1 1 9 1 1 1 13 1 1 1 9 1 1 1 5 15 1 1 135 1 1 1 5 3 1 1 15 1 1 1 19 1 1 1 7 3 1 1 161 1 1 1 23 1 1 1 11 5 1 1 159 1 1 1 9 1 1 1 13 1 1 1 15 15 1 1 135 3 1 1 17 1 1 1 43 15 1 1 127 5 1 1 7 1 1 1 49 17 1 1 119 3 1 1 21 9 1 1 153 1 1 1 9 1 1 1 13 1 1 1 5 7 1 1 153 1 1 1 9 1 1 1 19 7 1 1 161 1 1 1 19 5 1 1 161 1 1 1 19 5 1 1 159 1 1 1 19 5 1 1 157 1 1 1 19 5 1 1 155 1 1 1 19 7 1 1 153 1 1 1 17 7 1 1 151 1 1 1 17 7 1 1 149 3 1 1 15 7 1 1 139 1 1 1 7 3 1 1 15 7 1 1 137 1 1 1 7 3 1 1 15 5 1 1 135 3 1 1 7 3 1 1 15 5 1 1 133 3 1 1 7 3 1 1 15 5 1 1 131 3 1 1 9 1 1 1 15 5 1 1 129 5 1 1 7 1 1 1 15 7 1 1 125 5 1 1 7 1 1 1 15 7 1 1 123 5 1 1 23 7 1 1 121 1 1 1 3 1 1 1 23 7 1 1 123 1 1 1 23 7 1 1 121 3 1 1 21 7 1 1 119 3 1 1 21 7 1 1 117 3 1 1 21 5 1 1 119 1 1 1 21 3 1 1 3 3 1 1 113 1 1 1 21 1 1 1 3 3 1 1 113 1 1 1 25 1 1 1 103 1 1 1 9 1 1 1 159 1 1 1 103 1 1 1 9 1 1 1 123 1 1 1 9 1 1 1 21 1 1 1 3 3 1 1 5 3 1 1 119 3 1 1 5 3 1 1 121 3 1 1 5 1 1 1 115 1 1 1 5 3 1 1 103 1 1 1 17 3 1 1 103 1 1 1 13 1 1 1 5 1 1 1 5 1 1 1 3 3 1 1 95 1 1 1 11 1 1 1 5 1 1 1 3 3 1 1 95 1 1 1 7 1 1 1 103 1 1 1 115 1 1 1 17 1 1 1 3 3 1 1 5 1 1 1 89 1 1 1 7 1 1 1 3 1 1 1 103 1 1 1 5 1 1 1 5 1 1 1 97 1 1 1 5 3 1 1 5 3 1 1 87 1 1 1 11 1 1 1 7 1 1 1 89 1 1 1 3 1 1 1 5 3 1 1 5 1 1 1 81 1 1 1 11 1 1 1 97 1 1 1 5 1 1 1 5 1 1 1 93 1 1 1 11 1 1 1 79 1 1 1 5 1 1 1 93 1 1 1 93 1 1 1 3 1 1 1 3 1 1 1 5 3 1 1 79 1 1 1 87 1 1 1 83 1 1 1 3 1 1 1 5 3 1 1 71 1 1 1 7 5 1 1 73 1 1 1 3 5 1 1 155 3 1 1 77 3 1 1 5 3 1 1 59 3 1 1 71 1 1 1 141 1 1 1 5 3 1 1 11 1 1 1 5 1 1 1 45 3 1 1 11 1 1 1 47 1 1 1 5 1 1 1 3 1 1 1 7 1 1 1 33 1 1 1 15 1 1 1 3 1 1 1 53 1 1 1 11 1 1 1 5 1 1 1 45 1 1 1 5 1 1 1 5 1 1 1 43 1 1 1 7 1 1 1 33 1 1 1 13 3 1 1 5 1 1 1 5 3 1 1 39 3 1 1 3 3 1 1 27 3 1 1 9 1 1 1 5 1 1 1 7 1 1 1 47 1 1 1 39 1 1 1 31 1 1 1 11 3 1 1 27 3 1 1 13 3 1 1 35 1 1 1 29 1 1 1 35 3 1 1 9 1 1 1 71 1 1 1 23 1 1 1 13 1 1 1 9 1 1 1 33 1 1 1 5 3 1 1 7 1 1 1 15 1 1 1 5 3 1 1 45 1 1 1 29 1 1 1 41 1 1 1 -194009 1 -871 1 -12 1 1 1 -2
2 1 1 64 1 -55 1 1 1 -12 1 5 1 -6 1 2 1 -1 1 1 1 8 1 1 1 3 1 4254 1 3925 1 -8176 1 190076 1 1 1 138 1 -1 1 -23041 1 -1 1 24195 1 -1 1 -49670 1 1 1 42907 1 1 1 -37864 1 -1 1 47619 1 -1 1 -194374 3 1 1 61 5 1 1 59 3 1 1 749 5 1 1 59 7 1 1 57 5 1 1 747 5 1 1 57 9 1 1 57 5 1 1 745 5 1 1 57 9 1 1 57 5 1 1 745 3 1 1 57 9 1 1 57 5 1 1 743 3 1 1 57 9 1 1 57 5 1 1 741 3 1 1 57 9 1 1 57 5 1 1 739 3 1 1 57 9 1 1 57 5 1 1 737 3 1 1 57 9 1 1 57 5 1 1 735 3 1 1 57 9 1 1 57 5 1 1 733 3 1 1 57 9 1 1 57 5 1 1 731 3 1 1 57 9 1 1 57 5 1 1 729 3 1 1 57 9 1 1 57 5 1 1 727 3 1 1 57 9 1 1 57 5 1 1 725 3 1 1 57 9 1 1 57 5 1 1 723 3 1 1 57 9 1 1 57 5 1 1 721 3 1 1 57 9 1 1 57 5 1 1 719 3 1 1 57 9 1 1 57 5 1 1 717 3 1 1 57 9 1 1 57 5 1 1 715 3 1 1 57 9 1 1 57 5 1 1 713 3 1 1 57 9 1 1 57 5 1 1 711 3 1 1 57 9 1 1 57 5 1 1 709 3 1 1 57 9 1 1 57 5 1 1 707 3 1 1 57 9 1 1 57 5 1 1 705 3 1 1 57 9 1 1 57 5 1 1 703 3 1 1 57 9 1 1 57 5 1 1 701 3 1 1 57 9 1 1 57 5 1 1 699 3 1 1 57 9 1 1 57 5 1 1 697 3 1 1 57 9 1 1 57 5 1 1 695 3 1 1 57 9 1 1 57 5 1 1 559 3 1 1 131 3 1 1 57 7 1 1 59 3 1 1 559 3 1 1 131 1 1 1 59 5 1 1 61 5 1 1 555 3 1 1 191 3 1 1 61 5 1 1 555 3 1 1 5 1 1 1 7 1 1 1 117 3 1 1 59 5 1 1 67 1 1 1 679 5 1 1 57 7 1 1 65 1 1 1 679 5 1 1 55 9 1 1 745 3 1 1 55 9 1 1 743 3 1 1 55 9 1 1 741 3 1 1 55 9 1 1 739 3 1 1 55 9 1 1 737 3 1 1 55 9 1 1 735 3 1 1 55 9 1 1 733 3 1 1 55 9 1 1 731 3 1 1 55 9 1 1 41 1 1 1 687 3 1 1 55 9 1 1 39 1 1 1 687 3 1 1 55 9 1 1 37 1 1 1 687 3 1 1 55 9 1 1 37 1 1 1 685 3 1 1 55 9 1 1 35 1 1 1 685 3 1 1 55 9 1 1 33 1 1 1 685 3 1 1 55 9 1 1 31 1 1 1 677 1 1 1 7 3 1 1 55 9 1 1 707 1 1 1 7 3 1 1 55 9 1 1 589 1 1 1 115 1 1 1 7 3 1 1 55 9 1 1 587 3 1 1 121 3 1 1 55 9 1 1 585 3 1 1 121 3 1 1 55 9 1 1 577 1 1 1 5 3 1 1 121 3 1 1 55 9 1 1 575 1 1 1 129 3 1 1 55 9 1 1 573 1 1 1 129 3 1 1 55 9 1 1 701 3 1 1 55 9 1 1 699 3 1 1 55 9 1 1 13 1 1 1 683 3 1 1 55 9 1 1 11 1 1 1 669 1 1 1 13 3 1 1 55 9 1 1 9 1 1 1 555 1 1 1 113 1 1 1 13 3 1 1 55 7 1 1 559 1 1 1 5 3 1 1 111 1 1 1 13 1 1 1 57 9 1 1 555 3 1 1 3 3 1 1 183 7 1 1 555 3 1 1 3 3 1 1 5 3 1 1 117 3 1 1 67 1 1 1 679 5 1 1 65 1 1 1 679 5 1 1 63 1 1 1 3 1 1 1 677 3 1 1 743 3 1 1 87 1 1 1 653 3 1 1 85 1 1 1 653 3 1 1 83 1 1 1 653 3 1 1 81 1 1 1 653 3 1 1 79 1 1 1 653 3 1 1 43 1 1 1 687 3 1 1 41 1 1 1 687 3 1 1 39 1 1 1 687 3 1 1 37 3 1 1 11 1 1 1 673 3 1 1 35 3 1 1 685 3 1 1 35 1 1 1 685 3 1 1 33 1 1 1 677 1 1 1 7 3 1 1 31 1 1 1 677 1 1 1 7 3 1 1 591 1 1 1 115 1 1 1 7 3 1 1 589 3 1 1 113 1 1 1 7 3 1 1 587 3 1 1 113 1 1 1 7 3 1 1 579 1 1 1 5 3 1 1 121 3 1 1 577 1 1 1 5 3 1 1 121 3 1 1 39 1 1 1 535 1 1 1 7 1 1 1 121 3 1 1 37 1 1 1 535 1 1 1 129 3 1 1 701 3 1 1 15 1 1 1 19 1 1 1 663 3 1 1 13 1 1 1 19 1 1 1 649 1 1 1 13 3 1 1 11 1 1 1 19 1 1 1 649 1 1 1 13 3 1 1 9 1 1 1 21 1 1 1 533 1 1 1 113 1 1 1 13 3 1 1 7 1 1 1 21 1 1 1 533 3 1 1 111 1 1 1 13 3 1 1 27 1 1 1 533 3 1 1 5 3 1 1 103 1 1 1 13 1 1 1 561 3 1 1 5 3 1 1 671 3 1 1 3 3 1 1 5 3 1 1 127 3 1 1 21 1 1 1 661 5 1 1 19 1 1 1 641 1 1 1 25 3 1 1 647 1 1 1 13 3 1 1 19 3 1 1 541 1 1 1 109 5 1 1 19 1 1 1 23 1 1 1 519 1 1 1 109 1 1 1 23 3 1 1 21 1 1 1 517 3 1 1 3 1 1 1 103 1 1 1 3 3 1 1 17 3 1 1 21 1 1 1 23 1 1 1 605 1 1 1 19 3 1 1 19 3 1 1 21 1 1 1 605 1 1 1 17 3 1 1 21 1 1 1 627 1 1 1 17 3 1 1 21 1 1 1 501 1 1 1 13 1 1 1 3 1 1 1 97 1 1 1 7 1 1 1 19 3 1 1 19 1 1 1 499 3 1 1 5 1 1 1 5 1 1 1 109 1 1 1 19 5 1 1 17 1 1 1 491 1 1 1 7 1 1 1 5 1 1 1 11 1 1 1 103 1 1 1 19 5 1 1 15 5 1 1 23 1 1 1 579 1 1 1 13 1 1 1 19 5 1 1 17 1 1 1 489 3 1 1 5 3 1 1 103 1 1 1 35 1 1 1 19 1 1 1 489 1 1 1 5 3 1 1 139 1 1 1 19 1 1 1 499 1 1 1 109 1 1 1 25 1 1 1 19 1 1 1 497 3 1 1 3 1 1 1 103 1 1 1 3 1 1 1 41 1 1 1 25 3 1 1 45 1 1 1 423 1 1 1 3 1 1 1 5 3 1 1 119 1 1 1 21 3 1 1 625 1 1 1 21 3 1 1 623 1 1 1 23 1 1 1 491 1 1 1 3 1 1 1 105 1 1 1 19 1 1 1 23 3 1 1 473 3 1 1 5 1 1 1 5 1 1 1 3 3 1 1 103 1 1 1 17 3 1 1 21 3 1 1 475 1 1 1 5 1 1 1 11 1 1 1 121 1 1 1 23 3 1 1 479 1 1 1 11 1 1 1 119 3 1 1 25 1 1 1 611 1 1 1 25 1 1 1 609 1 1 1 25 1 1 1 469 3 1 1 135 1 1 1 25 1 1 1 473 1 1 1 109 1 1 1 21 1 1 1 27 1 1 1 469 3 1 1 3 1 1 1 103 1 1 1 23 3 1 1 25 1 1 1 479 1 1 1 119 3 1 1 25 1 1 1 599 1 1 1 25 1 1 1 465 1 1 1 3 1 1 1 127 3 1 1 23 1 1 1 457 1 1 1 5 1 1 1 3 3 1 1 103 1 1 1 21 3 1 1 23 1 1 1 455 1 1 1 11 1 1 1 127 1 1 1 23 1 1 1 593 1 1 1 23 1 1 1 591 1 1 1 23 1 1 1 445 3 1 1 141 1 1 1 23 1 1 1 449 1 1 1 137 5 1 1 19 1 1 1 447 3 1 1 3 1 1 1 133 1 1 1 45 1 1 1 433 3 1 1 99 1 1 1 25 1 1 1 19 1 1 1 459 1 1 1 99 1 1 1 23 3 1 1 17 5 1 1 455 1 1 1 123 1 1 1 19 3 1 1 579 1 1 1 21 1 1 1 443 1 1 1 3 1 1 1 7 1 1 1 97 1 1 1 23 1 1 1 21 1 1 1 435 1 1 1 5 1 1 1 3 3 1 1 5 1 1 1 97 1 1 1 21 3 1 1 19 3 1 1 433 1 1 1 11 1 1 1 125 1 1 1 21 1 1 1 445 1 1 1 125 1 1 1 21 1 1 1 569 1 1 1 21 1 1 1 567 1 1 1 21 1 1 1 565 1 1 1 21 1 1 1 541 1 1 1 21 1 1 1 21 3 1 1 429 1 1 1 107 1 1 1 19 1 1 1 21 3 1 1 425 1 1 1 3 1 1 1 13 1 1 1 111 1 1 1 23 3 1 1 23 1 1 1 399 1 1 1 3 1 1 1 5 1 1 1 7 1 1 1 5 1 1 1 105 3 1 1 23 1 1 1 433 1 1 1 117 3 1 1 23 1 1 1 439 1 1 1 111 1 1 1 23 3 1 1 421 1 1 1 7 3 1 1 115 1 1 1 25 1 1 1 419 1 1 1 7 3 1 1 95 1 1 1 19 1 1 1 25 1 1 1 419 1 1 1 123 1 1 1 25 1 1 1 541 1 1 1 25 1 1 1 539 1 1 1 25 1 1 1 537 1 1 1 25 1 1 1 535 3 1 1 23 1 1 1 419 1 1 1 5 1 1 1 87 1 1 1 23 1 1 1 23 1 1 1 409 1 1 1 7 1 1 1 91 1 1 1 21 3 1 1 21 3 1 1 415 1 1 1 113 1 1 1 23 1 1 1 415 1 1 1 113 3 1 1 21 3 1 1 397 1 1 1 7 3 1 1 5 1 1 1 111 3 1 1 23 3 1 1 401 3 1 1 119 1 1 1 23 7 1 1 517 1 1 1 27 3 1 1 515 1 1 1 29 1 1 1 513 1 1 1 29 1 1 1 511 1 1 1 429 1 1 1 85 1 1 1 23 1 1 1 419 1 1 1 5 1 1 1 3 1 1 1 105 3 1 1 417 1 1 1 5 1 1 1 109 1 1 1 47 3 1 1 359 3 1 1 19 1 1 1 101 1 1 1 23 1 1 1 385 1 1 1 7 1 1 1 113 3 1 1 21 3 1 1 389 1 1 1 91 1 1 1 21 3 1 1 23 1 1 1 381 3 1 1 5 1 1 1 89 1 1 1 19 5 1 1 21 1 1 1 381 3 1 1 5 1 1 1 111 3 1 1 21 1 1 1 379 3 1 1 117 7 1 1 17 3 1 1 497 5 1 1 21 1 1 1 19 1 1 1 477 1 1 1 21 1 1 1 495 1 1 1 21 1 1 1 465 1 1 1 427 3 1 1 7 1 1 1 493 1 1 1 5 1 1 1 3 1 1 1 129 1 1 1 369 1 1 1 5 1 1 1 7 1 1 1 101 1 1 1 23 3 1 1 359 1 1 1 7 1 1 1 91 1 1 1 21 3 1 1 23 1 1 1 365 1 1 1 9 1 1 1 81 1 1 1 19 5 1 1 23 1 1 1 365 1 1 1 7 1 1 1 101 3 1 1 23 1 1 1 359 1 1 1 5 1 1 1 89 1 1 1 21 1 1 1 23 1 1 1 355 1 1 1 97 1 1 1 19 3 1 1 21 3 1 1 451 3 1 1 17 5 1 1 19 1 1 1 451 3 1 1 15 7 1 1 17 3 1 1 449 1 1 1 15 7 1 1 19 1 1 1 467 3 1 1 19 1 1 1 469 1 1 1 19 1 1 1 467 1 1 1 19 1 1 1 11 1 1 1 455 3 1 1 17 1 1 1 15 1 1 1 333 1 1 1 91 1 1 1 23 1 1 1 17 1 1 1 15 1 1 1 331 1 1 1 9 1 1 1 81 1 1 1 21 3 1 1 15 1 1 1 15 1 1 1 331 1 1 1 9 1 1 1 103 1 1 1 17 1 1 1 15 1 1 1 331 1 1 1 111 1 1 1 17 1 1 1 15 1 1 1 419 3 1 1 19 3 1 1 371 1 1 1 77 3 1 1 17 3 1 1 371 1 1 1 77 1 1 1 17 3 1 1 467 3 1 1 463 3 1 1 463 3 1 1 11 1 1 1 433 1 1 1 17 1 1 1 15 1 1 1 339 1 1 1 15 1 1 1 71 1 1 1 15 3 1 1 13 3 1 1 345 1 1 1 95 1 1 1 15 1 1 1 441 1 1 1 15 1 1 1 341 1 1 1 97 1 1 1 15 1 1 1 437 1 1 1 15 1 1 1 351 1 1 1 67 1 1 1 371 1 1 1 7 3 1 1 5 3 1 1 59 1 1 1 33 1 1 1 351 3 1 1 59 1 1 1 11 1 1 1 367 3 1 1 5 1 1 1 67 1 1 1 369 1 1 1 77 3 1 1 345 1 1 1 91 5 1 1 435 1 1 1 3 1 1 1 339 1 1 1 93 5 1 1 431 3 1 1 349 3 1 1 87 1 1 1 55 1 1 1 289 3 1 1 5 1 1 1 69 1 1 1 7 3 1 1 321 1 1 1 9 3 1 1 85 1 1 1 9 3 1 1 319 1 1 1 9 3 1 1 71 1 1 1 25 11 1 1 309 1 1 1 79 1 1 1 29 9 1 1 329 1 1 1 19 1 1 1 35 1 1 1 33 9 1 1 297 1 1 1 25 1 1 1 3 3 1 1 49 1 1 1 37 9 1 1 323 1 1 1 91 9 1 1 289 1 1 1 7 3 1 1 5 3 1 1 65 3 1 1 53 1 1 1 277 3 1 1 79 5 1 1 51 1 1 1 277 3 1 1 119 7 1 1 295 3 1 1 5 1 1 1 11 1 1 1 95 1 1 1 289 3 1 1 5 1 1 1 57 1 1 1 53 1 1 1 5 3 1 1 345 1 1 1 51 3 1 1 3 3 1 1 345 1 1 1 51 1 1 1 5 3 1 1 271 1 1 1 71 3 1 1 47 1 1 1 7 1 1 1 263 1 1 1 7 1 1 1 71 3 1 1 317 1 1 1 7 1 1 1 71 3 1 1 315 1 1 1 79 3 1 1 313 1 1 1 79 3 1 1 347 1 1 1 43 3 1 1 345 1 1 1 7 1 1 1 35 3 1 1 343 1 1 1 7 1 1 1 35 3 1 1 329 1 1 1 11 1 1 1 7 1 1 1 35 3 1 1 327 1 1 1 11 1 1 1 7 1 1 1 35 3 1 1 325 1 1 1 3 1 1 1 15 1 1 1 35 3 1 1 323 1 1 1 3 3 1 1 49 3 1 1 325 3 1 1 49 3 1 1 323 3 1 1 49 3 1 1 321 3 1 1 49 3 1 1 321 1 1 1 49 3 1 1 369 3 1 1 367 3 1 1 303 1 1 1 61 3 1 1 293 1 1 1 7 3 1 1 11 1 1 1 5 1 1 1 41 3 1 1 299 3 1 1 11 1 1 1 5 1 1 1 41 3 1 1 297 3 1 1 11 1 1 1 5 1 1 1 41 3 1 1 295 3 1 1 5 1 1 1 5 1 1 1 5 1 1 1 41 1 1 1 7 1 1 1 289 1 1 1 5 1 1 1 11 1 1 1 47 1 1 1 295 1 1 1 11 1 1 1 45 1 1 1 13 1 1 1 269 3 1 1 5 1 1 1 11 1 1 1 33 1 1 1 15 3 1 1 5 1 1 1 343 3 1 1 5 1 1 1 343 1 1 1 5 1 1 1 281 1 1 1 7 1 1 1 5 1 1 1 29 1 1 1 9 1 1 1 5 1 1 1 5 1 1 1 333 1 1 1 3 3 1 1 3 3 1 1 335 1 1 1 5 1 1 1 335 1 1 1 281 1 1 1 7 1 1 1 3 3 1 1 27 3 1 1 13 1 1 1 5 1 1 1 331 1 1 1 297 1 1 1 95 1 1 1 225 1 1 1 5 1 1 1 29 1 1 1 9 1 1 1 3 1 1 1 3 1 1 1 325 7 1 1 51 1 1 1 235 1 1 1 27 1 1 1 35 11 1 1 43 5 1 1 187 3 1 1 51 3 1 1 325 5 1 1 45 5 1 1 231 1 1 1 27 1 1 1 5 1 1 1 51 1 1 1 65 1 1 1 173 1 1 1 79 1 1 1 65 3 1 1 167 1 1 1 3 1 1 1 23 1 1 1 5 3 1 1 45 7 1 1 55 1 1 1 173 1 1 1 27 1 1 1 5 3 1 1 43 9 1 1 53 1 1 1 201 1 1 1 5 3 1 1 43 7 1 1 53 3 1 1 205 3 1 1 43 9 1 1 51 1 1 1 167 1 1 1 37 3 1 1 43 9 1 1 49 1 1 1 161 1 1 1 5 3 1 1 35 3 1 1 45 7 1 1 47 1 1 1 161 1 1 1 5 3 1 1 35 3 1 1 43 9 1 1 207 1 1 1 5 3 1 1 35 3 1 1 43 9 1 1 205 1 1 1 5 3 1 1 35 3 1 1 43 9 1 1 203 1 1 1 7 1 1 1 35 3 1 1 43 9 1 1 209 1 1 1 35 3 1 1 43 9 1 1 207 1 1 1 35 3 1 1 43 9 1 1 241 3 1 1 43 9 1 1 239 3 1 1 43 9 1 1 211 1 1 1 25 3 1 1 43 7 1 1 209 3 1 1 25 3 1 1 43 7 1 1 207 3 1 1 25 3 1 1 43 7 1 1 205 1 1 1 27 3 1 1 43 5 1 1 205 1 1 1 27 3 1 1 43 7 1 1 205 1 1 1 23 3 1 1 41 9 1 1 203 1 1 1 23 3 1 1 41 9 1 1 201 1 1 1 23 3 1 1 41 9 1 1 181 1 1 1 41 1 1 1 43 9 1 1 265 9 1 1 209 1 1 1 57 9 1 1 181 1 1 1 9 1 1 1 9 1 1 1 11 3 1 1 57 1 1 1 3 3 1 1 7 1 1 1 159 1 1 1 3 1 1 1 23 1 1 1 5 3 1 1 55 1 1 1 13 1 1 1 187 1 1 1 5 3 1 1 53 3 1 1 205 3 1 1 51 3 1 1 205 3 1 1 49 3 1 1 205 3 1 1 49 1 1 1 167 1 1 1 37 3 1 1 47 1 1 1 5 1 1 1 161 3 1 1 35 3 1 1 51 1 1 1 161 3 1 1 35 3 1 1 49 1 1 1 19 1 1 1 143 1 1 1 35 3 1 1 211 1 1 1 35 3 1 1 209 1 1 1 17 1 1 1 17 3 1 1 243 3 1 1 241 3 1 1 213 1 1 1 25 3 1 1 209 3 1 1 9 1 1 1 15 1 1 1 209 3 1 1 25 1 1 1 37 1 1 1 169 3 1 1 25 3 1 1 33 1 1 1 169 1 1 1 3 1 1 1 23 3 1 1 201 1 1 1 3 1 1 1 23 3 1 1 203 1 1 1 23 3 1 1 29 1 1 1 171 1 1 1 23 3 1 1 27 1 1 1 171 1 1 1 23 3 1 1 25 1 1 1 195 3 1 1 23 1 1 1 195 3 1 1 21 1 1 1 173 1 1 1 21 3 1 1 193 1 1 1 21 3 1 1 181 1 1 1 9 1 1 1 21 5 1 1 67 3 1 1 107 1 1 1 9 1 1 1 9 1 1 1 11 3 1 1 177 1 1 1 31 1 1 1 73 1 1 1 103 1 1 1 103 1 1 1 103 1 1 1 31 1 1 1 11 9 1 1 165 1 1 1 23 1 1 1 11 7 1 1 161 1 1 1 27 1 1 1 163 1 1 1 35 1 1 1 163 1 1 1 43 7 1 1 207 7 1 1 131 5 1 1 61 9 1 1 123 1 1 1 23 5 1 1 157 1 1 1 9 1 1 1 19 3 1 1 167 1 1 1 19 3 1 1 165 1 1 1 19 3 1 1 163 1 1 1 19 3 1 1 161 1 1 1 19 3 1 1 179 1 1 1 179 3 1 1 157 1 1 1 17 3 1 1 155 1 1 1 17 3 1 1 153 1 1 1 17 3 1 1 151 1 1 1 17 3 1 1 149 3 1 1 15 3 1 1 139 1 1 1 9 1 1 1 15 3 1 1 137 1 1 1 9 1 1 1 15 1 1 1 137 1 1 1 9 1 1 1 15 1 1 1 133 3 1 1 9 1 1 1 15 3 1 1 129 5 1 1 23 3 1 1 131 1 1 1 23 3 1 1 129 1 1 1 23 3 1 1 127 1 1 1 23 3 1 1 125 1 1 1 23 3 1 1 147 3 1 1 123 1 1 1 21 5 1 1 119 1 1 1 21 5 1 1 117 1 1 1 21 1 1 1 119 1 1 1 25 1 1 1 113 1 1 1 137 1 1 1 291 1 1 1 265 3 1 1 121 1 1 1 5 3 1 1 103 1 1 1 17 3 1 1 103 1 1 1 13 1 1 1 5 1 1 1 5 1 1 1 101 1 1 1 11 1 1 1 353 1 1 1 5 1 1 1 103 1 1 1 3 1 1 1 103 1 1 1 5 1 1 1 103 1 1 1 5 1 1 1 217 1 1 1 199 1 1 1 197 1 1 1 5 1 1 1 93 1 1 1 93 1 1 1 267 1 1 1 3 1 1 1 7 1 1 1 71 1 1 1 7 3 1 1 79 5 1 1 157 1 1 1 77 3 1 1 5 3 1 1 59 1 1 1 73 1 1 1 141 1 1 1 5 3 1 1 63 3 1 1 59 1 1 1 5 1 1 1 61 1 1 1 57 1 1 1 11 1 1 1 57 1 1 1 5 1 1 1 99 1 1 1 7 1 1 1 7 1 1 1 41 1 1 1 3 1 1 1 41 1 1 1 13 1 1 1 133 1 1 1 27 3 1 1 13 3 1 1 65 1 1 1 35 3 1 1 9 1 1 1 95 1 1 1 23 1 1 1 39 1 1 1 33 1 1 1 117 1 1 1 -194009 1 -871 1 -12 1 1 1 -2
1 1 1 2 1 175 1 -167 1 1 1 -12 1 5 1 -6 1 2 1 -1 1 1 1 8 1 1 1 3 1 6450 1 1729 1 -8188 1 190090 1 1 1 -142 1 -1 1 -189952 5 1 1 59 7 1 1 57 5 1 1 67 1 1 1 679 7 1 1 57 7 1 1 57 5 1 1 747 7 1 1 55 11 1 1 53 9 1 1 743 7 1 1 55 9 1 1 57 5 1 1 745 5 1 1 53 13 1 1 53 9 1 1 741 5 1 1 55 9 1 1 57 5 1 1 741 5 1 1 53 13 1 1 53 9 1 1 737 5 1 1 55 9 1 1 57 5 1 1 737 5 1 1 53 13 1 1 53 9 1 1 733 5 1 1 55 9 1 1 57 5 1 1 733 5 1 1 53 13 1 1 53 9 1 1 41 1 1 1 687 5 1 1 55 9 1 1 57 5 1 1 41 1 1 1 687 5 1 1 53 13 1 1 53 9 1 1 37 1 1 1 687 5 1 1 55 9 1 1 57 5 1 1 39 1 1 1 685 5 1 1 53 13 1 1 53 9 1 1 35 1 1 1 685 5 1 1 55 9 1 1 57 5 1 1 35 1 1 1 685 5 1 1 53 13 1 1 53 9 1 1 31 1 1 1 677 1 1 1 7 3 1 1 57 9 1 1 57 5 1 1 709 1 1 1 7 5 1 1 53 13 1 1 53 9 1 1 589 1 1 1 115 1 1 1 7 3 1 1 57 9 1 1 57 7 1 1 587 1 1 1 123 5 1 1 53 11 1 1 55 9 1 1 585 3 1 1 121 3 1 1 57 9 1 1 57 7 1 1 577 1 1 1 129 5 1 1 53 11 1 1 55 9 1 1 575 1 1 1 129 3 1 1 57 9 1 1 55 9 1 1 703 5 1 1 55 9 1 1 55 9 1 1 701 3 1 1 57 9 1 1 55 9 1 1 699 5 1 1 55 9 1 1 55 9 1 1 697 5 1 1 55 9 1 1 55 9 1 1 11 1 1 1 683 5 1 1 55 9 1 1 55 9 1 1 559 1 1 1 5 1 1 1 113 1 1 1 13 5 1 1 55 9 1 1 55 9 1 1 557 3 1 1 3 1 1 1 127 3 1 1 57 7 1 1 57 9 1 1 555 3 1 1 3 3 1 1 125 1 1 1 59 5 1 1 59 7 1 1 555 3 1 1 3 3 1 1 7 1 1 1 175 5 1 1 61 5 1 1 555 3 1 1 3 3 1 1 5 3 1 1 117 5 1 1 57 5 1 1 67 1 1 1 679 7 1 1 55 9 1 1 63 1 1 1 679 7 1 1 53 9 1 1 63 1 1 1 679 7 1 1 51 13 1 1 741 5 1 1 53 9 1 1 741 5 1 1 51 13 1 1 83 1 1 1 653 5 1 1 53 9 1 1 83 1 1 1 653 5 1 1 51 13 1 1 79 1 1 1 653 5 1 1 53 9 1 1 733 5 1 1 51 13 1 1 41 1 1 1 687 5 1 1 53 9 1 1 41 1 1 1 687 5 1 1 51 13 1 1 37 1 1 1 687 5 1 1 53 9 1 1 37 3 1 1 685 5 1 1 51 13 1 1 33 3 1 1 685 5 1 1 53 9 1 1 35 1 1 1 685 5 1 1 51 13 1 1 31 1 1 1 677 1 1 1 7 3 1 1 55 9 1 1 31 1 1 1 677 1 1 1 7 5 1 1 51 13 1 1 27 1 1 1 561 1 1 1 115 1 1 1 7 3 1 1 55 9 1 1 589 1 1 1 115 1 1 1 7 5 1 1 51 13 1 1 579 1 1 1 5 3 1 1 113 1 1 1 7 3 1 1 55 9 1 1 579 1 1 1 5 3 1 1 121 5 1 1 51 11 1 1 577 1 1 1 5 3 1 1 121 3 1 1 55 9 1 1 575 1 1 1 7 1 1 1 121 5 1 1 53 9 1 1 573 1 1 1 129 3 1 1 55 9 1 1 701 5 1 1 53 9 1 1 15 1 1 1 19 1 1 1 663 3 1 1 55 9 1 1 13 1 1 1 19 1 1 1 649 1 1 1 13 5 1 1 53 9 1 1 11 1 1 1 19 1 1 1 535 1 1 1 113 1 1 1 13 5 1 1 53 9 1 1 9 1 1 1 555 1 1 1 113 1 1 1 13 3 1 1 55 11 1 1 5 1 1 1 549 3 1 1 3 3 1 1 111 1 1 1 13 1 1 1 57 9 1 1 555 3 1 1 3 3 1 1 5 3 1 1 103 1 1 1 69 9 1 1 555 3 1 1 3 3 1 1 5 3 1 1 117 5 1 1 65 5 1 1 675 7 1 1 63 1 1 1 3 1 1 1 675 7 1 1 61 1 1 1 3 1 1 1 675 7 1 1 59 1 1 1 3 1 1 1 677 5 1 1 61 1 1 1 23 1 1 1 653 5 1 1 83 1 1 1 653 5 1 1 81 1 1 1 653 5 1 1 79 1 1 1 653 5 1 1 43 1 1 1 33 1 1 1 653 5 1 1 41 1 1 1 33 1 1 1 653 5 1 1 39 1 1 1 11 3 1 1 673 5 1 1 37 1 1 1 11 3 1 1 673 5 1 1 35 3 1 1 9 3 1 1 673 5 1 1 33 3 1 1 11 3 1 1 671 3 1 1 33 3 1 1 11 3 1 1 663 1 1 1 7 5 1 1 31 1 1 1 13 1 1 1 663 1 1 1 7 5 1 1 29 1 1 1 15 1 1 1 545 1 1 1 115 1 1 1 7 3 1 1 29 1 1 1 15 1 1 1 545 1 1 1 115 1 1 1 7 5 1 1 41 1 1 1 545 3 1 1 113 1 1 1 7 3 1 1 581 1 1 1 5 3 1 1 113 1 1 1 7 5 1 1 39 1 1 1 537 1 1 1 5 3 1 1 113 1 1 1 7 3 1 1 41 1 1 1 535 1 1 1 5 3 1 1 121 5 1 1 37 1 1 1 535 1 1 1 5 3 1 1 5 1 1 1 115 3 1 1 37 1 1 1 535 1 1 1 7 1 1 1 121 5 1 1 33 3 1 1 533 1 1 1 129 3 1 1 15 1 1 1 17 3 1 1 663 5 1 1 11 1 1 1 19 1 1 1 649 1 1 1 13 3 1 1 11 1 1 1 19 3 1 1 533 1 1 1 113 1 1 1 13 3 1 1 9 1 1 1 19 3 1 1 533 3 1 1 111 1 1 1 13 5 1 1 5 1 1 1 21 1 1 1 533 3 1 1 111 1 1 1 13 3 1 1 27 1 1 1 527 3 1 1 3 3 1 1 5 3 1 1 103 1 1 1 13 1 1 1 27 3 1 1 525 3 1 1 3 3 1 1 5 3 1 1 145 1 1 1 525 3 1 1 3 3 1 1 5 3 1 1 117 1 1 1 9 5 1 1 17 3 1 1 659 7 1 1 19 1 1 1 641 1 1 1 25 3 1 1 21 1 1 1 511 1 1 1 113 1 1 1 13 3 1 1 19 3 1 1 21 3 1 1 517 3 1 1 107 5 1 1 19 3 1 1 21 1 1 1 19 1 1 1 499 1 1 1 109 3 1 1 19 5 1 1 19 3 1 1 19 1 1 1 497 3 1 1 3 1 1 1 103 1 1 1 3 3 1 1 17 5 1 1 19 1 1 1 21 3 1 1 605 1 1 1 17 5 1 1 19 3 1 1 19 3 1 1 605 1 1 1 17 5 1 1 19 1 1 1 21 3 1 1 595 1 1 1 7 1 1 1 17 5 1 1 17 5 1 1 21 1 1 1 477 3 1 1 11 1 1 1 3 1 1 1 97 1 1 1 7 1 1 1 17 7 1 1 17 3 1 1 21 3 1 1 467 1 1 1 5 3 1 1 5 1 1 1 5 1 1 1 3 3 1 1 95 1 1 1 7 1 1 1 17 7 1 1 15 5 1 1 21 3 1 1 465 1 1 1 5 3 1 1 5 1 1 1 11 1 1 1 103 1 1 1 17 7 1 1 15 5 1 1 21 5 1 1 463 1 1 1 11 1 1 1 101 1 1 1 13 1 1 1 19 5 1 1 15 5 1 1 23 1 1 1 463 3 1 1 5 3 1 1 103 1 1 1 33 3 1 1 17 3 1 1 25 1 1 1 461 3 1 1 5 3 1 1 117 1 1 1 21 3 1 1 17 1 1 1 25 1 1 1 473 1 1 1 109 1 1 1 3 1 1 1 19 3 1 1 19 1 1 1 497 3 1 1 3 1 1 1 103 1 1 1 3 1 1 1 19 3 1 1 17 5 1 1 23 3 1 1 45 1 1 1 423 1 1 1 3 1 1 1 5 3 1 1 99 1 1 1 19 3 1 1 19 3 1 1 25 1 1 1 479 1 1 1 99 1 1 1 17 5 1 1 19 3 1 1 25 1 1 1 577 1 1 1 17 5 1 1 21 1 1 1 25 1 1 1 451 1 1 1 13 1 1 1 3 1 1 1 97 1 1 1 7 3 1 1 17 3 1 1 21 3 1 1 23 1 1 1 449 3 1 1 5 1 1 1 5 1 1 1 3 3 1 1 103 1 1 1 17 3 1 1 21 5 1 1 23 1 1 1 441 1 1 1 5 3 1 1 5 1 1 1 5 1 1 1 5 1 1 1 103 1 1 1 15 5 1 1 21 3 1 1 23 1 1 1 449 1 1 1 5 1 1 1 11 1 1 1 103 1 1 1 15 5 1 1 23 1 1 1 23 1 1 1 555 1 1 1 13 1 1 1 15 5 1 1 23 1 1 1 23 1 1 1 447 3 1 1 103 1 1 1 29 3 1 1 25 1 1 1 23 1 1 1 445 3 1 1 117 1 1 1 17 3 1 1 23 1 1 1 23 1 1 1 449 1 1 1 109 1 1 1 19 3 1 1 25 3 1 1 469 3 1 1 3 1 1 1 103 1 1 1 3 1 1 1 19 3 1 1 25 1 1 1 19 1 1 1 459 1 1 1 99 1 1 1 17 7 1 1 23 1 1 1 19 1 1 1 557 1 1 1 21 1 1 1 25 1 1 1 21 1 1 1 443 1 1 1 3 1 1 1 7 1 1 1 97 1 1 1 21 5 1 1 21 1 1 1 457 1 1 1 5 1 1 1 3 3 1 1 5 1 1 1 97 1 1 1 19 7 1 1 19 5 1 1 19 1 1 1 433 1 1 1 11 1 1 1 103 1 1 1 21 5 1 1 19 3 1 1 21 1 1 1 547 1 1 1 21 5 1 1 21 1 1 1 21 1 1 1 567 3 1 1 23 1 1 1 21 1 1 1 423 3 1 1 117 1 1 1 23 3 1 1 21 1 1 1 21 1 1 1 427 1 1 1 109 1 1 1 25 7 1 1 19 1 1 1 21 3 1 1 423 3 1 1 3 1 1 1 103 1 1 1 29 1 1 1 45 1 1 1 433 3 1 1 99 1 1 1 25 3 1 1 17 3 1 1 23 1 1 1 433 1 1 1 99 1 1 1 23 3 1 1 17 5 1 1 21 3 1 1 431 1 1 1 7 1 1 1 115 2 1 1 -103942
