2 31
2 36
2 185
2 39
2 134
2 120
2 146
2 37
2 163
2 26
2 103
2 15
2 173
2 55
2 184
2 43
2 144
2 17
2 84
2 83
2 180
2 32
2 53
2 154
2 157
2 183
2 46
2 58
2 86
2 141
2 126
2 12
2 45
2 131
2 166
2 1
2 62
2 3
2 77
2 91
2 93
2 105
2 110
2 7
2 73
2 87
2 100
2 140
2 182
2 40
2 27
2 70
2 121
2 23
2 115
2 30
2 -1
2 82
2 136
2 79
2 170
2 51
2 117
2 34
2 102
2 16
2 171
2
2 142
2 187
2 111
2 167
2 189
2 42
2 123
2 159
2 19
2 64
2 114
2 188
2 175
2 95
2 151
2 127
2 65
2 165
2 181
2 47
2 106
2 71
2 48
2 149
2 107
2 78
2 56
2 101
2 44
2 -2
2 112
2 6
2 13
2 52
2 128
2 129
2 172
2 138
2 57
2 176
2 164
2 99
2 143
2 29
2 41
2 124
2 174
2 33
2 108
2 4
2 18
2 137
2 125
2 61
2 68
2 118
2 116
2 60
2 72
2 179
2 96
2 80
2 161
2 24
2 178
2 5
2 109
2 113
2 162
2 11
2 139
2 75
2 90
2 169
2 132
2 147
2 89
2 119
2 8
2 63
2 150
2 104
2 122
2 81
2 158
2 97
2 21
2 94
2 67
2 9
2 85
2 76
2 50
2 148
2 35
2 49
2 59
2 74
2 156
2 69
2 145
2 14
2 153
2 2
2 38
2 88
2 22
2 177
2 25
2 54
2 92
2 98
2 168
2 10
2 28
2 133
2 155
2 160
2 130
2 66
2 135
2 152
2 20
2 186
1 -1 79 -68 1 -12 3 -4 2 -1 1 8 1 3 16830 7733 -24576 1 1 1 1 1 1 1 1 1 1 1 53 1 1 1 1 1 1 1 1 1 1 1 53 1 1 1 1 1 1 1 1 1 1 1 61 1 1 1 1 1 19 1 653 1 1 1 1 1 1 1 1 1 1 1 1 1 53 1 1 1 1 1 1 1 1 1 1 1 1 1 51 1 1 1 1 1 1 1 1 1 1 1 1 1 59 1 1 1 1 1 673 1 1 1 1 1 1 1 1 1 1 1 1 1 51 1 1 1 1 1 1 1 1 1 1 1 1 1 1 1 49 1 1 1 1 1 1 1 1 1 1 1 1 1 1 1 57 1 1 1 1 1 23 1 649 1 1 1 1 1 1 1 1 1 1 1 1 1 49 1 1 1 1 1 1 1 1 1 1 1 1 1 1 1 1 1 47 1 1 1 1 1 1 1 1 1 1 1 1 1 1 1 1 1 55 1 3 1 23 1 651 1 1 1 1 1 1 1 1 1 1 1 47 1 1 1 1 1 1 1 1 1 1 1 1 1 1 1 1 1 1 1 45 1 1 1 1 1 1 1 1 1 1 1 1 1 1 1 1 1 1 1 53 1 3 1 23 1 651 1 1 1 1 1 1 1 1 1 1 1 45 1 1 1 1 1 1 1 1 1 1 1 1 1 1 1 1 1 1 1 1 1 43 1 1 1 1 1 1 1 1 1 1 1 1 1 1 1 1 1 1 1 1 1 55 1 23 1 651 1 1 1 1 1 1 1 1 1 1 1 45 1 1 1 1 1 1 1 1 1 1 1 1 1 1 1 1 1 1 1 1 1 43 1 1 1 1 1 1 1 1 1 1 1 1 1 1 1 1 1 1 1 1 1 43 1 33 1 653 1 1 1 1 1 1 1 1 1 45 1 1 1 1 1 1 1 1 1 1 1 1 1 1 1 1 1 1 1 1 1 43 1 1 1 1 1 1 1 1 1 1 1 1 1 1 1 1 1 1 1 1 1 41 1 33 1 653 1 1 1 1 1 1 1 1 1 45 1 1 1 1 1 1 1 1 1 1 1 1 1 1 1 1 1 1 1 1 1 43 1 1 1 1 1 1 1 1 1 1 1 1 1 1 1 1 1 1 1 1 1 39 1 11 1 21 1 653 1 1 1 1 1 1 1 1 1 45 1 1 1 1 1 1 1 1 1 1 1 1 1 1 1 1 1 1 1 1 1 43 1 1 1 1 1 1 1 1 1 1 1 1 1 1 1 1 1 1 1 1 1 37 1 11 1 1 1 19 1 653 1 1 1 1 1 1 1 1 1 45 1 1 1 1 1 1 1 1 1 1 1 1 1 1 1 1 1 1 1 1 1 43 1 1 1 1 1 1 1 1 1 1 1 1 1 1 1 1 1 1 1 1 1 35 1 1 1 9 1 1 1 19 1 1 1 651 1 1 1 1 1 1 1 1 1 45 1 1 1 1 1 1 1 1 1 1 1 1 1 1 1 1 1 1 1 1 1 43 1 1 1 1 1 1 1 1 1 1 1 1 1 1 1 1 1 1 1 1 1 33 1 1 1 9 1 1 1 1 1 17 1 1 1 651 1 1 1 1 1 1 1 1 1 45 1 1 1 1 1 1 1 1 1 1 1 1 1 1 1 1 1 1 1 1 1 43 1 1 1 1 1 1 1 1 1 1 1 1 1 1 1 1 1 1 1 1 1 31 1 1 1 9 1 1 1 1 1 19 1 643 1 7 1 1 1 1 1 1 1 1 1 45 1 1 1 1 1 1 1 1 1 1 1 1 1 1 1 1 1 1 1 1 1 43 1 1 1 1 1 1 1 1 1 1 1 1 1 1 1 1 1 1 1 1 1 29 1 1 1 9 1 1 1 1 1 663 1 7 1 1 1 1 1 1 1 1 1 45 1 1 1 1 1 1 1 1 1 1 1 1 1 1 1 1 1 1 1 1 1 43 1 1 1 1 1 1 1 1 1 1 1 1 1 1 1 1 1 1 1 1 1 27 1 1 1 9 1 1 1 1 1 1 1 661 1 7 1 1 1 1 1 1 1 1 1 45 1 1 1 1 1 1 1 1 1 1 1 1 1 1 1 1 1 1 1 1 1 43 1 1 1 1 1 1 1 1 1 1 1 1 1 1 1 1 1 1 1 1 1 25 1 1 1 11 1 1 1 1 1 545 1 115 1 7 1 1 1 1 1 1 1 1 1 45 1 1 1 1 1 1 1 1 1 1 1 1 1 1 1 1 1 1 1 1 1 43 1 1 1 1 1 1 1 1 1 1 1 1 1 1 1 1 1 1 1 1 1 23 1 1 1 13 1 1 1 545 1 1 1 113 1 7 1 1 1 1 1 1 1 1 1 45 1 1 1 1 1 1 1 1 1 1 1 1 1 1 1 1 1 1 1 1 1 43 1 1 1 1 1 1 1 1 1 1 1 1 1 1 1 1 1 1 1 1 1 23 1 13 1 1 1 539 1 5 1 1 1 113 1 7 1 1 1 1 1 1 1 1 1 45 1 1 1 1 1 1 1 1 1 1 1 1 1 1 1 1 1 1 1 1 1 43 1 1 1 1 1 1 1 1 1 1 1 1 1 1 1 1 1 1 1 1 1 21 1 15 1 1 1 537 1 5 1 1 1 113 1 7 1 1 1 1 1 1 1 1 1 45 1 1 1 1 1 1 1 1 1 1 1 1 1 1 1 1 1 1 1 1 1 43 1 1 1 1 1 1 1 1 1 1 1 1 1 1 1 1 1 1 1 1 1 19 1 15 1 1 1 537 1 5 1 1 1 113 1 7 1 1 1 1 1 1 1 1 1 45 1 1 1 1 1 1 1 1 1 1 1 1 1 1 1 1 1 1 1 1 1 43 1 1 1 1 1 1 1 1 1 1 1 1 1 1 1 1 1 1 1 1 1 33 1 1 1 1 1 535 1 5 1 1 1 5 1 107 1 7 1 1 1 1 1 1 1 1 1 45 1 1 1 1 1 1 1 1 1 1 1 1 1 1 1 1 1 1 1 1 1 43 1 1 1 1 1 1 1 1 1 1 1 1 1 1 1 1 1 1 1 1 1 33 1 1 1 535 1 5 1 1 1 5 1 107 1 7 1 1 1 1 1 1 1 1 1 45 1 1 1 1 1 1 1 1 1 1 1 1 1 1 1 1 1 1 1 1 1 43 1 1 1 1 1 1 1 1 1 1 1 1 1 1 1 1 1 1 1 1 1 31 1 1 1 1 1 533 1 5 1 1 1 5 1 115 1 1 1 1 1 1 1 1 1 45 1 1 1 1 1 1 1 1 1 1 1 1 1 1 1 1 1 1 1 1 1 43 1 1 1 1 1 1 1 1 1 1 1 1 1 1 1 1 1 1 1 1 1 13 1 17 1 1 1 533 1 5 1 1 1 5 1 115 1 1 1 1 1 1 1 1 1 45 1 1 1 1 1 1 1 1 1 1 1 1 1 1 1 1 1 1 1 1 1 43 1 1 1 1 1 1 1 1 1 1 1 1 1 1 1 1 1 1 1 1 1 11 1 17 1 1 1 533 1 5 1 1 1 5 1 101 1 13 1 1 1 1 1 1 1 1 1 45 1 1 1 1 1 1 1 1 1 1 1 1 1 1 1 1 1 1 1 1 1 43 1 1 1 1 1 1 1 1 1 1 1 1 1 1 1 1 1 1 1 1 1 9 1 17 1 1 1 533 1 1 1 5 1 107 1 13 1 1 1 1 1 1 1 1 1 1 1 43 1 1 1 1 1 1 1 1 1 1 1 1 1 1 1 1 1 1 1 1 1 43 1 1 1 1 1 1 1 1 1 1 1 1 1 1 1 1 1 1 1 1 1 7 1 17 1 1 1 1 1 527 1 1 1 1 1 1 1 1 1 111 1 13 1 1 1 1 1 1 1 1 1 45 1 1 1 1 1 1 1 1 1 1 1 1 1 1 1 1 1 1 1 45 1 1 1 1 1 1 1 1 1 1 1 1 1 1 1 1 1 1 1 1 1 5 1 17 1 1 1 1 1 527 1 1 1 3 1 1 1 111 1 13 1 1 1 1 1 1 1 47 1 1 1 1 1 1 1 1 1 1 1 1 1 1 1 1 1 47 1 1 1 1 1 1 1 1 1 1 1 1 1 1 1 1 1 1 1 5 1 19 1 1 1 527 1 1 1 3 1 1 1 5 1 1 1 103 1 13 1 1 1 1 1 49 1 1 1 1 1 1 1 1 1 1 1 1 1 1 1 49 1 1 1 1 1 1 1 1 1 1 1 1 1 1 1 1 1 5 1 19 1 1 1 527 1 1 1 3 1 1 1 5 1 1 1 103 1 13 1 1 1 51 1 1 1 1 1 1 1 1 1 1 1 1 1 51 1 1 1 1 1 1 1 1 1 1 1 1 1 1 1 5 1 19 1 1 1 1 1 525 1 1 1 3 1 1 1 5 1 1 1 103 1 13 1 53 1 1 1 1 1 1 1 1 1 1 1 53 1 1 1 1 1 1 1 1 1 1 1 1 1 5 1 21 1 1 1 525 1 1 1 3 1 1 1 5 1 1 1 103 1 65 1 1 1 1 1 1 1 1 1 1 1 55 1 1 1 1 1 1 1 1 1 1 1 5 1 21 1 1 1 23 1 501 1 1 1 3 1 1 1 5 1 1 1 103 1 13 1 1 1 1 1 1 1 1 1 53 1 1 1 1 1 1 1 1 1 1 1 61 1 1 1 1 1 19 1 1 1 541 1 109 1 1 1 1 1 1 1 1 1 1 1 1 1 51 1 1 1 1 1 1 1 1 1 1 1 1 1 59 1 1 1 1 1 19 1 1 1 1 1 539 1 1 1 107 1 1 1 1 1 1 1 1 1 1 1 1 1 49 1 1 1 1 1 1 1 1 1 1 1 1 1 1 1 57 1 1 1 1 1 21 1 1 1 539 1 1 1 107 1 1 1 1 1 1 1 1 1 1 1 1 1 47 1 1 1 1 1 1 1 1 1 1 1 1 1 1 1 1 1 55 1 1 1 1 1 21 1 1 1 541 1 107 1 1 1 1 1 1 1 1 1 1 1 1 1 45 1 1 1 1 1 1 1 1 1 1 1 1 1 1 1 1 1 1 1 53 1 3 1 21 1 1 1 541 1 107 1 1 1 1 1 1 1 1 1 1 1 1 1 43 1 1 1 1 1 1 1 1 1 1 1 1 1 1 1 1 1 1 1 1 1 51 1 3 1 23 1 541 1 109 1 1 1 1 1 1 1 1 1 1 1 43 1 1 1 1 1 1 1 1 1 1 1 1 1 1 1 1 1 1 1 1 1 43 1 9 1 23 1 653 1 1 1 1 1 1 1 1 1 43 1 1 1 1 1 1 1 1 1 1 1 1 1 1 1 1 1 1 1 1 1 41 1 11 1 21 1 653 1 1 1 1 1 1 1 1 1 43 1 1 1 1 1 1 1 1 1 1 1 1 1 1 1 1 1 1 1 1 1 39 1 11 1 1 1 19 1 1 1 651 1 1 1 1 1 1 1 1 1 43 1 1 1 1 1 1 1 1 1 1 1 1 1 1 1 1 1 1 1 1 1 37 1 1 1 9 1 1 1 19 1 1 1 651 1 1 1 1 1 1 1 1 1 43 1 1 1 1 1 1 1 1 1 1 1 1 1 1 1 1 1 1 1 1 1 35 1 1 1 9 1 1 1 1 1 17 1 1 1 651 1 1 1 1 1 1 1 1 1 43 1 1 1 1 1 1 1 1 1 1 1 1 1 1 1 1 1 1 1 1 1 33 1 1 1 9 1 1 1 1 1 17 1 1 1 1 1 649 1 1 1 1 1 1 1 1 1 43 1 1 1 1 1 1 1 1 1 1 1 1 1 1 1 1 1 1 1 1 1 31 1 1 1 9 1 1 1 1 1 17 1 1 1 1 1 641 1 7 1 1 1 1 1 1 1 1 1 43 1 1 1 1 1 1 1 1 1 1 1 1 1 1 1 1 1 1 1 1 1 29 1 1 1 9 1 1 1 1 1 1 1 17 1 1 1 641 1 7 1 1 1 1 1 1 1 1 1 43 1 1 1 1 1 1 1 1 1 1 1 1 1 1 1 1 1 1 1 1 1 27 1 1 1 9 1 1 1 1 1 1 1 17 1 1 1 525 1 115 1 7 1 1 1 1 1 1 1 1 1 43 1 1 1 1 1 1 1 1 1 1 1 1 1 1 1 1 1 1 1 1 1 25 1 1 1 9 1 1 1 1 1 1 1 19 1 1 1 523 1 1 1 113 1 7 1 1 1 1 1 1 1 1 1 43 1 1 1 1 1 1 1 1 1 1 1 1 1 1 1 1 1 1 1 1 1 23 1 1 1 11 1 1 1 1 1 19 1 1 1 523 1 1 1 113 1 7 1 1 1 1 1 1 1 1 1 43 1 1 1 1 1 1 1 1 1 1 1 1 1 1 1 1 1 1 1 1 1 23 1 13 1 1 1 1 1 17 1 1 1 517 1 5 1 1 1 11 1 101 1 7 1 1 1 1 1 1 1 1 1 43 1 1 1 1 1 1 1 1 1 1 1 1 1 1 1 1 1 1 1 1 1 21 1 13 1 1 1 1 1 19 1 1 1 515 1 5 1 1 1 5 1 5 1 101 1 7 1 1 1 1 1 1 1 1 1 43 1 1 1 1 1 1 1 1 1 1 1 1 1 1 1 1 1 1 1 1 1 19 1 15 1 1 1 1 1 17 1 1 1 1 1 513 1 5 1 1 1 5 1 5 1 101 1 7 1 1 1 1 1 1 1 1 1 43 1 1 1 1 1 1 1 1 1 1 1 1 1 1 1 1 1 1 1 1 1 33 1 1 1 1 1 19 1 1 1 1 1 511 1 5 1 1 1 5 1 5 1 101 1 7 1 1 1 1 1 1 1 1 1 43 1 1 1 1 1 1 1 1 1 1 1 1 1 1 1 1 1 1 1 1 1 31 1 1 1 1 1 1 1 17 1 1 1 1 1 511 1 5 1 1 1 5 1 107 1 7 1 1 1 1 1 1 1 1 1 43 1 1 1 1 1 1 1 1 1 1 1 1 1 1 1 1 1 1 1 1 1 15 1 15 1 1 1 1 1 17 1 1 1 1 1 511 1 5 1 1 1 5 1 107 1 7 1 1 1 1 1 1 1 1 1 43 1 1 1 1 1 1 1 1 1 1 1 1 1 1 1 1 1 1 1 1 1 13 1 15 1 1 1 1 1 19 1 1 1 511 1 5 1 1 1 5 1 101 1 13 1 1 1 1 1 1 1 1 1 43 1 1 1 1 1 1 1 1 1 1 1 1 1 1 1 1 1 1 1 1 1 11 1 17 1 1 1 19 1 1 1 1 1 509 1 5 1 1 1 5 1 101 1 13 1 1 1 1 1 1 1 1 1 43 1 1 1 1 1 1 1 1 1 1 1 1 1 1 1 1 1 1 1 1 1 9 1 17 1 1 1 1 1 17 1 1 1 1 1 509 1 1 1 5 1 5 1 101 1 13 1 1 1 1 1 1 1 1 1 43 1 1 1 1 1 1 1 1 1 1 1 1 1 1 1 1 1 1 1 1 1 7 1 17 1 1 1 1 1 19 1 1 1 505 1 1 1 1 1 1 1 1 1 111 1 13 1 1 1 1 1 1 1 45 1 1 1 1 1 1 1 1 1 1 1 1 1 1 1 1 1 1 1 1 1 5 1 17 1 1 1 1 1 21 1 1 1 503 1 1 1 3 1 1 1 111 1 13 1 1 1 1 1 47 1 1 1 1 1 1 1 1 1 1 1 1 1 1 1 1 1 1 1 5 1 17 1 1 1 1 1 21 1 1 1 503 1 1 1 3 1 1 1 5 1 1 1 103 1 13 1 1 1 49 1 1 1 1 1 1 1 1 1 1 1 1 1 1 1 1 1 5 1 19 1 1 1 1 1 21 1 503 1 1 1 3 1 1 1 5 1 1 1 103 1 13 1 51 1 1 1 1 1 1 1 1 1 1 1 1 1 1 1 5 1 19 1 1 1 1 1 21 1 1 1 501 1 1 1 3 1 1 1 5 1 1 1 103 1 65 1 1 1 1 1 1 1 1 1 1 1 1 1 5 1 19 1 1 1 1 1 21 1 1 1 501 1 1 1 3 1 1 1 5 1 1 1 103 1 13 1 1 1 1 1 1 1 1 1 61 1 1 1 1 1 19 1 1 1 1 1 19 1 1 1 517 1 1 1 107 1 1 1 1 1 1 1 1 1 1 1 1 1 59 1 1 1 1 1 19 1 1 1 1 1 19 1 1 1 517 1 1 1 107 1 1 1 1 1 1 1 1 1 1 1 1 1 57 1 1 1 1 1 19 1 1 1 1 1 19 1 1 1 517 1 1 1 3 1 103 1 1 1 1 1 1 1 1 1 1 1 1 1 55 1 1 1 1 1 19 1 1 1 1 1 21 1 517 1 1 1 3 1 103 1 1 1 1 1 1 1 1 1 1 1 1 1 53 1 3 1 21 1 1 1 21 1 517 1 1 1 3 1 103 1 1 1 1 1 1 1 1 1 1 1 1 1 51 1 3 1 21 1 1 1 541 1 3 1 103 1 1 1 1 1 1 1 1 1 1 1 1 1 43 1 9 1 1 1 21 1 43 1 497 1 111 1 1 1 1 1 1 1 1 1 41 1 9 1 1 1 1 1 19 1 1 1 41 1 609 1 1 1 1 1 1 1 1 1 39 1 11 1 1 1 19 1 1 1 41 1 609 1 1 1 1 1 1 1 1 1 37 1 1 1 9 1 1 1 1 1 17 1 1 1 21 1 629 1 1 1 1 1 1 1 1 1 35 1 1 1 9 1 1 1 1 1 17 1 1 1 1 1 19 1 629 1 1 1 1 1 1 1 1 1 33 1 1 1 9 1 1 1 1 1 17 1 1 1 1 1 19 1 1 1 21 1 605 1 1 1 1 1 1 1 1 1 31 1 1 1 9 1 1 1 1 1 1 1 15 1 1 1 1 1 19 1 1 1 21 1 597 1 7 1 1 1 1 1 1 1 1 1 29 1 1 1 9 1 1 1 1 1 1 1 15 1 1 1 1 1 1 1 17 1 1 1 21 1 597 1 7 1 1 1 1 1 1 1 1 1 27 1 1 1 9 1 1 1 1 1 1 1 17 1 1 1 1 1 19 1 503 1 115 1 7 1 1 1 1 1 1 1 1 1 25 1 1 1 9 1 1 1 1 1 1 1 17 1 1 1 1 1 19 1 1 1 501 1 1 1 113 1 7 1 1 1 1 1 1 1 1 1 23 1 1 1 9 1 1 1 1 1 1 1 1 1 17 1 1 1 19 1 1 1 501 1 1 1 11 1 101 1 7 1 1 1 1 1 1 1 1 1 23 1 11 1 1 1 1 1 1 1 17 1 1 1 1 1 17 1 1 1 495 1 5 1 1 1 5 1 5 1 3 1 97 1 7 1 1 1 1 1 1 1 1 1 21 1 13 1 1 1 1 1 1 1 15 1 1 1 1 1 1 1 17 1 1 1 493 1 5 1 1 1 5 1 5 1 3 1 97 1 7 1 1 1 1 1 1 1 1 1 19 1 13 1 1 1 1 1 1 1 17 1 1 1 1 1 1 1 15 1 1 1 493 1 5 1 1 1 5 1 5 1 3 1 97 1 7 1 1 1 1 1 1 1 1 1 17 1 15 1 1 1 1 1 17 1 1 1 1 1 1 1 17 1 493 1 5 1 1 1 5 1 5 1 3 1 1 1 95 1 7 1 1 1 1 1 1 1 1 1 31 1 1 1 1 1 1 1 15 1 1 1 1 1 1 1 17 1 1 1 491 1 5 1 1 1 5 1 5 1 5 1 95 1 7 1 1 1 1 1 1 1 1 1 15 1 13 1 1 1 1 1 1 1 17 1 1 1 1 1 1 1 15 1 1 1 23 1 467 1 5 1 1 1 5 1 5 1 5 1 95 1 7 1 1 1 1 1 1 1 1 1 13 1 15 1 1 1 1 1 17 1 1 1 1 1 1 1 17 1 491 1 5 1 1 1 5 1 11 1 89 1 13 1 1 1 1 1 1 1 1 1 11 1 15 1 1 1 1 1 1 1 17 1 1 1 1 1 17 1 1 1 489 1 1 1 3 1 1 1 5 1 11 1 89 1 13 1 1 1 1 1 1 1 1 1 9 1 17 1 1 1 1 1 17 1 1 1 1 1 1 1 15 1 1 1 489 1 1 1 1 1 1 1 1 1 5 1 101 1 13 1 1 1 1 1 1 1 1 1 7 1 17 1 1 1 1 1 17 1 1 1 1 1 1 1 15 1 1 1 485 1 3 1 1 1 1 1 3 1 5 1 101 1 13 1 1 1 1 1 1 1 1 1 5 1 17 1 1 1 1 1 19 1 1 1 1 1 17 1 1 1 483 1 1 1 3 1 1 1 5 1 1 1 103 1 13 1 1 1 1 1 1 1 5 1 17 1 1 1 1 1 1 1 19 1 1 1 1 1 15 1 1 1 483 1 1 1 3 1 1 1 5 1 1 1 103 1 13 1 1 1 1 1 5 1 19 1 1 1 1 1 19 1 1 1 1 1 17 1 483 1 1 1 3 1 1 1 5 1 1 1 103 1 13 1 1 1 5 1 19 1 1 1 1 1 19 1 1 1 1 1 17 1 1 1 481 1 1 1 3 1 1 1 5 1 1 1 103 1 13 1 5 1 19 1 1 1 1 1 21 1 1 1 17 1 1 1 481 1 1 1 3 1 1 1 5 1 1 1 103 1 17 1 19 1 1 1 1 1 21 1 1 1 17 1 1 1 481 1 1 1 3 1 1 1 5 1 1 1 103 1 13 1 9 1 1 1 1 1 1 1 15 1 1 1 1 1 19 1 1 1 17 1 1 1 1 1 1 1 23 1 571 1 15 1 1 1 1 1 1 1 17 1 1 1 1 1 17 1 1 1 1 1 19 1 1 1 1 1 23 1 453 1 1 1 11 1 3 1 97 1 23 1 1 1 1 1 1 1 15 1 1 1 1 1 1 1 15 1 1 1 1 1 23 1 1 1 457 1 1 1 1 1 1 1 1 1 5 1 1 1 1 1 101 1 13 1 1 1 19 1 1 1 1 1 19 1 1 1 17 1 1 1 23 1 1 1 1 1 1 1 19 1 447 1 1 1 3 1 103 1 1 1 1 1 19 1 1 1 1 1 19 1 1 1 17 1 1 1 23 1 1 1 1 1 19 1 1 1 447 1 1 1 3 1 103 1 1 1 19 1 1 1 1 1 19 1 1 1 17 1 1 1 1 1 21 1 1 1 1 1 1 1 17 1 1 1 23 1 423 1 1 1 3 1 5 1 97 1 1 1 1 1 1 1 1 1 15 1 1 1 1 1 1 1 17 1 1 1 17 1 1 1 1 1 1 1 23 1 1 1 17 1 1 1 23 1 431 1 1 1 91 1 7 1 1 1 15 1 1 1 1 1 1 1 17 1 1 1 1 1 15 1 1 1 1 1 1 1 1 1 21 1 1 1 17 1 1 1 1 1 21 1 431 1 1 1 91 1 7 1 1 1 13 1 1 1 1 1 1 1 1 1 15 1 1 1 1 1 17 1 1 1 1 1 1 1 21 1 1 1 1 1 15 1 1 1 1 1 1 1 21 1 407 1 1 1 11 1 3 1 5 1 91 1 7 1 1 1 13 1 1 1 1 1 1 1 1 1 1 1 11 1 1 1 1 1 1 1 1 1 15 1 1 1 1 1 1 1 1 1 19 1 1 1 1 1 15 1 1 1 1 1 1 1 21 1 1 1 397 1 5 1 1 1 5 1 5 1 3 1 1 1 5 1 1 1 87 1 7 1 1 1 15 1 1 1 1 1 1 1 15 1 1 1 1 1 19 1 1 1 1 1 1 1 19 1 1 1 1 1 19 1 421 1 5 1 1 1 5 1 5 1 3 1 1 1 5 1 89 1 7 1 1 1 13 1 1 1 1 1 1 1 1 1 1 1 11 1 1 1 1 1 1 1 1 1 17 1 1 1 1 1 1 1 19 1 1 1 1 1 17 1 1 1 1 1 23 1 393 1 5 1 1 1 5 1 5 1 3 1 1 1 5 1 83 1 5 1 7 1 1 1 13 1 1 1 1 1 1 1 1 1 1 1 11 1 1 1 1 1 1 1 1 1 15 1 1 1 1 1 1 1 1 1 1 1 17 1 1 1 1 1 17 1 1 1 1 1 21 1 1 1 1 1 389 1 1 1 1 1 1 1 1 1 1 1 1 1 1 1 11 1 89 1 13 1 17 1 1 1 1 1 1 1 13 1 1 1 1 1 1 1 21 1 1 1 1 1 19 1 1 1 1 1 17 1 1 1 1 1 23 1 385 1 1 1 3 1 1 1 5 1 1 1 103 1 33 1 1 1 17 1 1 1 23 1 1 1 21 1 1 1 19 1 1 1 409 1 1 1 3 1 1 1 5 1 1 1 103 1 13 1 1 1 19 1 1 1 17 1 1 1 23 1 1 1 1 1 1 1 17 1 1 1 19 1 427 1 1 1 3 1 103 1 1 1 1 1 19 1 1 1 17 1 1 1 1 1 21 1 1 1 1 1 1 1 17 1 1 1 21 1 1 1 423 1 1 1 3 1 5 1 97 1 1 1 1 1 1 1 15 1 1 1 1 1 1 1 13 1 1 1 1 1 1 1 1 1 17 1 1 1 1 1 1 1 1 1 17 1 1 1 1 1 17 1 1 1 1 1 1 1 19 1 1 1 1 1 45 1 1 1 347 1 1 1 3 1 5 1 1 1 5 1 5 1 7 1 75 1 3 1 1 1 17 1 1 1 1 1 15 1 1 1 1 1 1 1 21 1 1 1 1 1 17 1 1 1 1 1 19 1 1 1 1 1 21 1 407 1 1 1 7 1 83 1 7 1 17 1 1 1 1 1 17 1 1 1 1 1 1 1 21 1 1 1 1 1 15 1 1 1 1 1 1 1 19 1 1 1 407 1 13 1 3 1 5 1 1 1 5 1 83 1 7 1 1 1 1 1 13 1 1 1 1 1 17 1 1 1 1 1 1 1 1 1 19 1 1 1 1 1 15 1 1 1 1 1 1 1 19 1 1 1 1 1 1 1 19 1 375 1 5 1 1 1 5 1 5 1 3 1 1 1 5 1 1 1 87 1 7 1 1 1 15 1 1 1 1 1 19 1 1 1 1 1 1 1 19 1 1 1 1 1 17 1 1 1 1 1 21 1 1 1 395 1 5 1 1 1 5 1 5 1 3 1 1 1 5 1 1 1 87 1 7 1 1 1 13 1 1 1 1 1 1 1 17 1 1 1 1 1 1 1 1 1 17 1 1 1 1 1 1 1 17 1 1 1 1 1 21 1 1 1 23 1 369 1 5 1 1 1 5 1 5 1 3 1 1 1 5 1 89 1 7 1 1 1 13 1 1 1 1 1 1 1 17 1 1 1 1 1 1 1 19 1 1 1 1 1 17 1 1 1 1 1 21 1 1 1 1 1 21 1 369 1 5 1 1 1 5 1 5 1 3 1 1 1 5 1 83 1 13 1 15 1 1 1 1 1 19 1 1 1 1 1 1 1 19 1 1 1 1 1 17 1 1 1 1 1 21 1 1 1 1 1 389 1 1 1 1 1 9 1 11 1 89 1 13 1 15 1 1 1 1 1 21 1 1 1 1 1 19 1 1 1 1 1 17 1 1 1 1 1 21 1 1 1 1 1 389 1 1 1 5 1 1 1 103 1 29 1 1 1 23 1 1 1 21 1 1 1 19 1 1 1 23 1 1 1 389 1 1 1 5 1 1 1 103 1 13 1 17 1 1 1 23 1 1 1 1 1 1 1 17 1 1 1 19 1 1 1 1 1 21 1 1 1 399 1 1 1 3 1 103 1 1 1 17 1 1 1 1 1 21 1 1 1 1 1 1 1 17 1 1 1 19 1 1 1 1 1 21 1 1 1 399 1 1 1 3 1 5 1 7 1 5 1 83 1 3 1 17 1 1 1 1 1 1 1 21 1 1 1 1 1 17 1 1 1 1 1 19 1 1 1 1 1 21 1 407 1 1 1 7 1 91 1 17 1 1 1 1 1 1 1 1 1 19 1 1 1 1 1 15 1 1 1 1 1 1 1 19 1 1 1 1 1 1 1 17 1 1 1 1 1 381 1 13 1 3 1 5 1 1 1 1 1 3 1 83 1 7 1 17 1 1 1 1 1 1 1 1 1 19 1 1 1 1 1 15 1 1 1 1 1 1 1 19 1 1 1 1 1 1 1 19 1 1 1 379 1 1 1 5 1 5 1 3 1 1 1 5 1 1 1 5 1 81 1 7 1 19 1 1 1 1 1 1 1 19 1 1 1 1 1 17 1 1 1 1 1 19 1 1 1 1 1 1 1 21 1 1 1 369 1 5 1 1 1 5 1 5 1 3 1 1 1 5 1 1 1 5 1 81 1 7 1 1 1 17 1 1 1 1 1 1 1 19 1 1 1 1 1 17 1 1 1 1 1 21 1 1 1 1 1 21 1 1 1 1 1 1 1 363 1 5 1 1 1 5 1 5 1 3 1 1 1 5 1 97 1 19 1 1 1 1 1 1 1 19 1 1 1 1 1 17 1 1 1 1 1 21 1 1 1 1 1 23 1 1 1 1 1 1 1 361 1 11 1 11 1 89 1 13 1 21 1 1 1 1 1 19 1 1 1 1 1 17 1 1 1 1 1 21 1 1 1 1 1 27 1 1 1 359 1 1 1 5 1 1 1 103 1 35 1 1 1 21 1 1 1 19 1 1 1 23 1 1 1 27 1 1 1 359 1 1 1 5 1 1 1 103 1 13 1 23 1 1 1 1 1 1 1 17 1 1 1 19 1 1 1 1 1 21 1 1 1 399 1 1 1 3 1 21 1 1 1 79 1 3 1 21 1 1 1 1 1 1 1 17 1 1 1 19 1 1 1 1 1 1 1 19 1 1 1 1 1 397 1 1 1 3 1 5 1 7 1 5 1 3 1 79 1 3 1 1 1 19 1 1 1 1 1 1 1 17 1 1 1 1 1 17 1 1 1 1 1 1 1 21 1 1 1 45 1 1 1 347 1 1 1 3 1 5 1 1 1 5 1 5 1 7 1 79 1 1 1 21 1 1 1 1 1 17 1 1 1 1 1 19 1 1 1 1 1 21 1 1 1 21 1 23 1 359 1 1 1 7 1 91 1 1 1 21 1 1 1 1 1 15 1 1 1 1 1 1 1 17 1 1 1 1 1 1 1 19 1 1 1 1 1 19 1 1 1 1 1 19 1 1 1 353 1 3 1 1 1 7 1 91 1 21 1 1 1 1 1 15 1 1 1 1 1 1 1 19 1 1 1 1 1 1 1 17 1 1 1 1 1 1 1 17 1 1 1 1 1 371 1 3 1 5 1 1 1 1 1 3 1 1 1 81 1 7 1 1 1 19 1 1 1 1 1 15 1 1 1 1 1 1 1 19 1 1 1 1 1 1 1 17 1 1 1 1 1 1 1 1 1 17 1 1 1 355 1 1 1 5 1 5 1 3 1 1 1 5 1 1 1 3 1 1 1 81 1 7 1 1 1 1 1 17 1 1 1 1 1 17 1 1 1 1 1 19 1 1 1 1 1 1 1 17 1 1 1 1 1 1 1 1 1 1 1 15 1 1 1 23 1 323 1 5 1 1 1 5 1 5 1 3 1 1 1 5 1 1 1 5 1 81 1 7 1 1 1 17 1 1 1 1 1 1 1 15 1 1 1 1 1 1 1 17 1 1 1 1 1 1 1 1 1 19 1 1 1 1 1 1 1 1 1 1 1 13 1 1 1 1 1 1 1 19 1 321 1 5 1 1 1 5 1 5 1 3 1 1 1 5 1 1 1 95 1 19 1 1 1 1 1 17 1 1 1 1 1 21 1 1 1 1 1 19 1 1 1 1 1 1 1 1 1 1 1 13 1 1 1 1 1 1 1 1 1 339 1 5 1 1 1 5 1 5 1 3 1 1 1 5 1 1 1 95 1 19 1 1 1 1 1 17 1 1 1 1 1 21 1 1 1 1 1 21 1 1 1 1 1 1 1 1 1 15 1 1 1 1 1 1 1 17 1 333 1 11 1 89 1 13 1 17 1 1 1 1 1 1 1 17 1 1 1 1 1 21 1 1 1 1 1 23 1 1 1 1 1 1 1 17 1 1 1 1 1 15 1 1 1 319 1 1 1 5 1 1 1 103 1 33 1 1 1 19 1 1 1 23 1 1 1 27 1 1 1 19 1 1 1 339 1 5 1 1 1 117 1 1 1 1 1 17 1 1 1 19 1 1 1 1 1 21 1 1 1 399 1 1 1 3 1 13 1 5 1 1 1 1 1 79 1 3 1 1 1 17 1 1 1 19 1 1 1 1 1 1 1 19 1 1 1 1 1 397 1 1 1 3 1 5 1 7 1 5 1 1 1 1 1 79 1 3 1 17 1 1 1 19 1 1 1 1 1 1 1 19 1 1 1 1 1 47 1 349 1 1 1 3 1 5 1 7 1 5 1 1 1 1 1 3 1 7 1 67 1 3 1 15 1 1 1 1 1 17 1 1 1 1 1 1 1 1 1 17 1 1 1 1 1 1 1 45 1 1 1 17 1 329 1 1 1 3 1 5 1 1 1 5 1 5 1 3 1 3 1 7 1 67 1 3 1 17 1 1 1 1 1 19 1 1 1 1 1 21 1 1 1 1 1 19 1 1 1 19 1 1 1 1 1 357 1 1 1 7 1 91 1 15 1 1 1 1 1 1 1 19 1 1 1 1 1 1 1 17 1 1 1 1 1 1 1 17 1 1 1 1 1 1 1 21 1 1 1 15 1 329 1 3 1 5 1 1 1 1 1 3 1 1 1 7 1 81 1 1 1 13 1 1 1 1 1 1 1 19 1 1 1 1 1 1 1 17 1 1 1 1 1 1 1 1 1 15 1 1 1 1 1 1 1 21 1 1 1 15 1 313 1 7 1 5 1 3 1 1 1 5 1 1 1 3 1 1 1 7 1 73 1 7 1 17 1 1 1 1 1 19 1 1 1 1 1 1 1 17 1 1 1 1 1 1 1 1 1 1 1 15 1 1 1 1 1 19 1 1 1 1 1 327 1 1 1 5 1 5 1 3 1 1 1 5 1 1 1 5 1 89 1 1 1 13 1 1 1 1 1 1 1 1 1 17 1 1 1 1 1 1 1 19 1 1 1 1 1 1 1 1 1 1 1 13 1 1 1 1 1 1 1 1 1 15 1 1 1 1 1 327 1 5 1 5 1 3 1 1 1 5 1 1 1 17 1 77 1 17 1 1 1 1 1 21 1 1 1 1 1 19 1 1 1 1 1 1 1 1 1 1 1 13 1 1 1 1 1 1 1 1 1 15 1 1 1 1 1 331 1 11 1 103 1 17 1 1 1 1 1 21 1 1 1 1 1 21 1 1 1 1 1 1 1 1 1 17 1 1 1 1 1 15 1 1 1 1 1 325 1 1 1 103 1 31 1 1 1 23 1 1 1 27 1 1 1 19 1 1 1 17 1 1 1 11 1 313 1 1 1 117 1 19 1 1 1 1 1 21 1 1 1 399 1 1 1 3 1 13 1 5 1 1 1 1 1 7 1 1 1 69 1 21 1 1 1 1 1 1 1 19 1 1 1 1 1 47 1 349 1 1 1 3 1 5 1 7 1 5 1 1 1 1 1 3 1 3 1 1 1 1 1 67 1 3 1 1 1 19 1 1 1 1 1 21 1 1 1 1 1 19 1 1 1 1 1 17 1 1 1 1 1 1 1 15 1 15 1 323 1 1 1 7 1 9 1 1 1 79 1 1 1 17 1 1 1 1 1 1 1 1 1 17 1 1 1 1 1 1 1 17 1 1 1 1 1 1 1 17 1 1 1 1 1 1 1 13 1 1 1 13 1 1 1 317 1 5 1 1 1 1 1 3 1 1 1 7 1 81 1 19 1 1 1 1 1 1 1 17 1 1 1 1 1 1 1 17 1 1 1 1 1 1 1 17 1 1 1 1 1 1 1 15 1 15 1 317 1 5 1 1 1 1 1 3 1 1 1 7 1 81 1 19 1 1 1 1 1 1 1 17 1 1 1 1 1 1 1 1 1 15 1 1 1 1 1 1 1 19 1 1 1 1 1 13 1 1 1 1 1 13 1 311 1 3 1 1 1 5 1 1 1 3 1 1 1 7 1 81 1 19 1 1 1 1 1 1 1 17 1 1 1 1 1 1 1 1 1 1 1 1 1 13 1 1 1 1 1 1 1 17 1 1 1 1 1 15 1 15 1 303 1 5 1 3 1 1 1 5 1 1 1 5 1 89 1 19 1 1 1 1 1 1 1 19 1 1 1 1 1 1 1 1 1 1 1 13 1 1 1 1 1 1 1 1 1 15 1 1 1 1 1 13 1 319 1 5 1 3 1 1 1 5 1 1 1 17 1 9 1 7 1 59 1 21 1 1 1 1 1 19 1 1 1 1 1 1 1 1 1 1 1 13 1 1 1 1 1 1 1 1 1 15 1 1 1 1 1 343 1 103 1 21 1 1 1 1 1 21 1 1 1 1 1 1 1 1 1 15 1 1 1 1 1 1 1 15 1 1 1 1 1 11 1 367 1 1 1 85 1 1 1 27 1 1 1 19 1 1 1 17 1 1 1 11 1 313 1 1 1 53 1 63 1 1 1 21 1 1 1 81 1 317 1 1 1 3 1 13 1 5 1 1 1 1 1 7 1 1 1 1 1 67 1 3 1 1 1 19 1 1 1 1 1 47 1 33 1 315 1 1 1 3 1 5 1 7 1 5 1 1 1 1 1 3 1 3 1 1 1 1 1 71 1 19 1 1 1 1 1 47 1 1 1 31 1 315 1 1 1 3 1 5 1 7 1 5 1 1 1 1 1 3 1 3 1 1 1 1 1 71 1 1 1 17 1 1 1 1 1 1 1 21 1 21 1 1 1 1 1 15 1 1 1 13 1 1 1 313 1 3 1 5 1 1 1 5 1 1 1 3 1 3 1 3 1 7 1 71 1 19 1 1 1 1 1 1 1 19 1 1 1 1 1 17 1 1 1 1 1 1 1 13 1 1 1 1 1 11 1 1 1 1 1 321 1 1 1 7 1 9 1 1 1 79 1 1 1 1 1 15 1 1 1 1 1 1 1 17 1 1 1 1 1 1 1 17 1 1 1 1 1 1 1 13 1 1 1 1 1 11 1 1 1 1 1 315 1 5 1 1 1 1 1 3 1 1 1 7 1 81 1 1 1 17 1 1 1 1 1 1 1 1 1 15 1 1 1 1 1 1 1 19 1 1 1 1 1 13 1 1 1 1 1 11 1 1 1 1 1 309 1 3 1 7 1 1 1 3 1 1 1 7 1 81 1 1 1 15 1 1 1 1 1 1 1 1 1 1 1 13 1 1 1 1 1 1 1 1 1 17 1 1 1 1 1 1 1 11 1 1 1 1 1 11 1 1 1 1 1 309 1 3 1 1 1 5 1 1 1 3 1 1 1 7 1 81 1 17 1 1 1 1 1 1 1 1 1 1 1 1 1 11 1 1 1 1 1 1 1 1 1 1 1 15 1 1 1 1 1 1 1 11 1 1 1 13 1 1 1 303 1 5 1 3 1 1 1 5 1 1 1 5 1 11 1 7 1 1 1 5 1 61 1 19 1 1 1 1 1 1 1 1 1 1 1 13 1 1 1 1 1 1 1 1 1 15 1 1 1 1 1 13 1 15 1 303 1 9 1 1 1 5 1 1 1 17 1 7 1 1 1 5 1 1 1 59 1 19 1 1 1 1 1 1 1 1 1 1 1 13 1 1 1 1 1 1 1 1 1 15 1 1 1 1 1 33 1 309 1 25 1 11 1 3 1 1 1 59 1 21 1 1 1 1 1 1 1 1 1 13 1 1 1 1 1 1 1 1 1 15 1 1 1 1 1 11 1 367 1 1 1 5 1 83 1 1 1 19 1 1 1 15 1 1 1 1 1 11 1 367 1 1 1 5 1 57 1 1 1 79 1 1 1 11 1 1 1 7 1 293 1 19 1 5 1 1 1 1 1 7 1 1 1 1 1 71 1 47 1 31 1 1 1 11 1 1 1 11 1 289 1 1 1 3 1 5 1 7 1 5 1 1 1 1 1 3 1 3 1 1 1 1 1 71 1 23 1 21 1 1 1 17 1 13 1 1 1 11 1 11 1 1 1 1 1 287 1 3 1 5 1 1 1 5 1 5 1 3 1 3 1 5 1 1 1 71 1 1 1 19 1 1 1 1 1 17 1 1 1 1 1 1 1 13 1 1 1 1 1 11 1 1 1 1 1 321 1 1 1 7 1 9 1 1 1 79 1 1 1 17 1 1 1 1 1 1 1 17 1 1 1 1 1 1 1 13 1 1 1 1 1 11 1 1 1 1 1 321 1 1 1 1 1 3 1 1 1 7 1 81 1 1 1 1 1 13 1 1 1 1 1 1 1 1 1 17 1 1 1 1 1 1 1 11 1 1 1 1 1 1 1 9 1 1 1 1 1 1 1 309 1 3 1 7 1 1 1 3 1 1 1 7 1 81 1 1 1 15 1 1 1 1 1 1 1 19 1 1 1 1 1 13 1 1 1 1 1 11 1 1 1 1 1 313 1 7 1 1 1 3 1 1 1 7 1 81 1 1 1 1 1 1 1 11 1 1 1 1 1 1 1 1 1 1 1 15 1 1 1 1 1 1 1 11 1 1 1 13 1 1 1 309 1 3 1 1 1 5 1 1 1 5 1 11 1 7 1 1 1 5 1 1 1 59 1 1 1 1 1 1 1 11 1 1 1 1 1 1 1 1 1 1 1 13 1 1 1 1 1 1 1 11 1 1 1 13 1 1 1 47 1 1 1 1 1 257 1 3 1 1 1 5 1 1 1 5 1 11 1 7 1 1 1 5 1 1 1 59 1 1 1 1 1 13 1 1 1 1 1 1 1 1 1 15 1 1 1 1 1 13 1 15 1 5 1 309 1 5 1 1 1 17 1 7 1 1 1 5 1 1 1 59 1 1 1 1 1 11 1 1 1 1 1 1 1 1 1 1 1 13 1 1 1 1 1 1 1 11 1 15 1 5 1 309 1 5 1 19 1 7 1 1 1 5 1 1 1 59 1 1 1 11 1 1 1 1 1 1 1 1 1 1 1 13 1 1 1 1 1 1 1 11 1 15 1 5 1 309 1 25 1 7 1 1 1 1 1 3 1 1 1 59 1 13 1 1 1 1 1 1 1 1 1 15 1 1 1 1 1 33 1 335 1 9 1 1 1 1 1 1 1 1 1 59 1 13 1 1 1 1 1 1 1 1 1 15 1 1 1 1 1 11 1 19 1 1 1 55 1 289 1 1 1 5 1 73 1 1 1 1 1 15 1 1 1 1 1 11 1 21 1 55 1 289 1 1 1 5 1 57 1 1 1 17 1 1 1 1 1 1 1 13 1 1 1 1 1 11 1 1 1 1 1 1 1 27 1 1 1 1 1 1 1 1 1 283 1 1 1 7 1 9 1 1 1 23 1 55 1 1 1 17 1 1 1 1 1 1 1 13 1 1 1 1 1 11 1 1 1 1 1 33 1 1 1 1 1 1 1 1 1 279 1 3 1 3 1 1 1 7 1 81 1 1 1 15 1 1 1 1 1 1 1 1 1 11 1 1 1 1 1 1 1 9 1 1 1 1 1 1 1 33 1 1 1 1 1 1 1 1 1 279 1 1 1 3 1 1 1 7 1 81 1 19 1 1 1 1 1 13 1 1 1 1 1 11 1 1 1 1 1 37 1 1 1 1 1 1 1 1 1 267 1 7 1 1 1 3 1 1 1 7 1 11 1 1 1 67 1 1 1 1 1 1 1 13 1 1 1 1 1 1 1 11 1 1 1 11 1 1 1 1 1 43 1 1 1 1 1 1 1 1 1 261 1 7 1 1 1 5 1 11 1 7 1 1 1 5 1 1 1 59 1 1 1 1 1 15 1 1 1 1 1 1 1 11 1 15 1 5 1 43 1 1 1 1 1 1 1 1 1 263 1 19 1 7 1 1 1 5 1 1 1 59 1 1 1 1 1 13 1 1 1 1 1 1 1 11 1 15 1 5 1 45 1 1 1 1 1 1 1 1 1 281 1 7 1 1 1 5 1 1 1 59 1 1 1 13 1 1 1 1 1 1 1 11 1 15 1 5 1 45 1 1 1 1 1 1 1 1 1 1 1 279 1 7 1 1 1 1 1 3 1 1 1 59 1 1 1 11 1 1 1 1 1 1 1 1 1 11 1 13 1 5 1 47 1 1 1 1 1 1 1 1 1 279 1 7 1 1 1 1 1 1 1 1 1 1 1 1 1 3 1 53 1 15 1 1 1 1 1 11 1 19 1 1 1 53 1 1 1 289 1 1 1 3 1 1 1 3 1 67 1 1 1 1 1 11 1 21 1 55 1 289 1 1 1 5 1 57 1 1 1 15 1 1 1 11 1 1 1 1 1 1 1 7 1 11 1 1 1 1 1 1 1 1 1 1 1 1 1 1 1 1 1 285 1 1 1 5 1 1 1 3 1 3 1 3 1 5 1 1 1 27 1 7 1 35 1 1 1 13 1 1 1 1 1 11 1 1 1 1 1 19 1 1 1 1 1 1 1 1 1 1 1 1 1 1 1 1 1 1 1 1 1 281 1 1 1 5 1 1 1 3 1 5 1 1 1 7 1 15 1 11 1 7 1 35 1 13 1 1 1 1 1 11 1 1 1 1 1 1 1 23 1 1 1 1 1 1 1 1 1 1 1 1 1 1 1 1 1 281 1 7 1 9 1 1 1 23 1 19 1 35 1 13 1 1 1 1 1 9 1 1 1 1 1 1 1 1 1 27 1 1 1 1 1 1 1 1 1 1 1 1 1 1 1 1 1 283 1 1 1 7 1 25 1 3 1 1 1 49 1 1 1 9 1 1 1 1 1 1 1 9 1 1 1 1 1 1 1 33 1 1 1 1 1 1 1 1 1 1 1 1 1 1 1 1 1 271 1 1 1 3 1 1 1 7 1 11 1 1 1 15 1 1 1 49 1 1 1 11 1 1 1 11 1 1 1 1 1 39 1 1 1 1 1 1 1 1 1 1 1 1 1 1 1 1 1 265 1 1 1 5 1 11 1 7 1 1 1 5 1 1 1 59 1 1 1 9 1 1 1 13 1 1 1 5 1 39 1 1 1 1 1 1 1 1 1 1 1 1 1 1 1 1 1 259 1 19 1 7 1 1 1 5 1 1 1 11 1 5 1 41 1 1 1 9 1 1 1 13 1 5 1 1 1 41 1 1 1 1 1 1 1 1 1 1 1 1 1 1 1 5 1 7 1 263 1 7 1 1 1 1 1 1 1 1 1 1 1 1 1 3 1 5 1 1 1 3 1 41 1 11 1 19 1 1 1 49 1 1 1 1 1 1 1 5 1 7 1 263 1 11 1 1 1 1 1 1 1 1 1 3 1 7 1 33 1 21 1 21 1 55 1 289 1 1 1 5 1 57 1 1 1 11 1 1 1 1 1 19 1 1 1 1 1 1 1 1 1 1 1 1 1 1 1 1 1 1 1 285 1 5 1 1 1 3 1 7 1 7 1 15 1 11 1 5 1 1 1 35 1 1 1 9 1 1 1 1 1 1 1 21 1 1 1 1 1 1 1 1 1 1 1 1 1 1 1 1 1 1 1 1 1 279 1 7 1 9 1 1 1 23 1 3 1 7 1 7 1 35 1 1 1 7 1 1 1 1 1 1 1 1 1 25 1 1 1 1 1 1 1 1 1 1 1 1 1 1 1 1 1 1 1 1 1 281 1 1 1 7 1 25 1 3 1 1 1 13 1 35 1 9 1 1 1 1 1 1 1 31 1 1 1 1 1 1 1 1 1 1 1 1 1 1 1 1 1 1 1 1 1 37 1 231 1 1 1 3 1 1 1 7 1 3 1 7 1 1 1 5 1 5 1 3 1 1 1 59 1 1 1 1 1 37 1 1 1 1 1 1 1 1 1 1 1 1 1 1 1 1 1 1 1 265 1 1 1 5 1 11 1 7 1 1 1 5 1 1 1 9 1 1 1 5 1 59 1 1 1 53 1 1 1 5 1 7 1 5 1 269 1 1 1 5 1 3 1 7 1 33 1 11 1 11 1 1 1 5 1 1 1 1 1 1 1 49 1 1 1 3 1 1 1 1 1 3 1 1 1 249 1 1 1 1 1 7 1 1 1 1 1 81 1 1 1 5 1 1 1 1 1 1 1 1 1 1 1 1 1 43 1 1 1 3 1 1 1 1 1 5 1 243 1 5 1 1 1 1 1 3 1 3 1 1 1 1 1 71 1 1 1 7 1 11 1 1 1 1 1 1 1 1 1 1 1 1 1 1 1 1 1 1 1 1 1 283 1 7 1 3 1 7 1 7 1 15 1 11 1 5 1 1 1 35 1 1 1 17 1 1 1 1 1 1 1 1 1 1 1 1 1 1 1 1 1 1 1 1 1 1 1 1 1 1 1 277 1 7 1 9 1 1 1 23 1 3 1 1 1 5 1 5 1 1 1 35 1 1 1 23 1 1 1 1 1 1 1 1 1 1 1 1 1 1 1 1 1 1 1 1 1 1 1 1 1 41 1 237 1 1 1 7 1 1 1 23 1 3 1 1 1 5 1 5 1 1 1 35 1 29 1 1 1 1 1 1 1 1 1 1 1 1 1 1 1 1 1 1 1 1 1 1 1 1 1 35 1 231 1 1 1 3 1 1 1 7 1 3 1 7 1 1 1 5 1 1 1 3 1 3 1 1 1 13 1 39 1 29 1 1 1 1 1 1 1 1 1 1 1 1 1 1 1 1 1 1 1 1 1 1 1 31 1 231 1 1 1 5 1 7 1 3 1 7 1 1 1 5 1 1 1 7 1 1 1 1 1 5 1 41 1 5 1 1 1 1 1 1 1 49 1 1 1 3 1 1 1 1 1 3 1 1 1 3 1 1 1 245 1 1 1 7 1 1 1 1 1 75 1 1 1 1 1 1 1 1 1 1 1 1 1 43 1 1 1 3 1 1 1 1 1 3 1 1 1 3 1 1 1 237 1 5 1 1 1 1 1 3 1 3 1 1 1 1 1 37 1 33 1 41 1 1 1 1 1 1 1 1 1 1 1 1 1 1 1 5 1 7 1 5 1 257 1 7 1 1 1 1 1 1 1 1 1 1 1 1 1 3 1 5 1 1 1 3 1 1 1 27 1 1 1 59 1 1 1 1 1 5 1 7 1 5 1 269 1 1 1 5 1 3 1 7 1 5 1 27 1 1 1 9 1 1 1 1 1 49 1 1 1 3 1 1 1 1 1 3 1 1 1 3 1 1 1 3 1 241 1 1 1 7 1 1 1 1 1 71 1 1 1 1 1 47 1 1 1 3 1 1 1 1 1 3 1 1 1 3 1 1 1 3 1 5 1 235 1 1 1 7 1 1 1 1 1 37 1 33 1 1 1 1 1 1 1 43 1 1 1 3 1 1 1 1 1 3 1 1 1 3 1 1 1 5 1 239 1 1 1 3 1 3 1 1 1 1 1 37 1 33 1 1 1 1 1 1 1 1 1 1 1 37 1 1 1 3 1 1 1 1 1 3 1 1 1 3 1 1 1 5 1 3 1 1 1 1 1 1 1 227 1 3 1 3 1 3 1 1 1 1 1 27 1 5 1 1 1 1 1 27 1 5 1 1 1 1 1 1 1 1 1 37 1 1 1 5 1 1 1 5 1 5 1 5 1 237 1 3 1 3 1 5 1 1 1 27 1 5 1 1 1 1 1 27 1 5 1 1 1 1 1 1 1 1 1 37 1 5 1 1 1 5 1 5 1 5 1 237 1 7 1 5 1 1 1 27 1 5 1 1 1 1 1 33 1 1 1 1 1 1 1 1 1 35 1 7 1 5 1 11 1 245 1 7 1 15 1 11 1 5 1 1 1 35 1 1 1 1 1 1 1 1 1 305 1 7 1 15 1 11 1 5 1 1 1 35 1 1 1 1 1 1 1 1 1 303 1 7 1 15 1 3 1 7 1 5 1 1 1 35 1 1 1 1 1 1 1 1 1 301 1 23 1 3 1 7 1 5 1 1 1 35 1 1 1 1 1 1 1 1 1 299 1 23 1 3 1 1 1 5 1 5 1 1 1 35 1 1 1 1 1 1 1 1 1 47 1 247 1 1 1 23 1 3 1 1 1 5 1 5 1 1 1 35 1 1 1 1 1 1 1 1 1 45 1 247 1 25 1 3 1 1 1 5 1 5 1 1 1 35 1 1 1 1 1 1 1 1 1 43 1 247 1 25 1 3 1 1 1 5 1 5 1 1 1 35 1 1 1 1 1 1 1 1 1 41 1 247 1 25 1 3 1 1 1 5 1 7 1 35 1 1 1 1 1 1 1 1 1 39 1 247 1 25 1 3 1 1 1 5 1 7 1 35 1 1 1 1 1 1 1 1 1 37 1 247 1 11 1 13 1 3 1 1 1 13 1 35 1 1 1 1 1 1 1 1 1 35 1 251 1 7 1 1 1 5 1 1 1 3 1 3 1 1 1 1 1 5 1 41 1 1 1 1 1 1 1 1 1 33 1 251 1 7 1 1 1 5 1 1 1 7 1 1 1 1 1 5 1 41 1 1 1 1 1 1 1 1 1 31 1 251 1 7 1 1 1 5 1 1 1 7 1 1 1 1 1 5 1 41 1 1 1 1 1 1 1 1 1 29 1 251 1 7 1 1 1 5 1 1 1 7 1 1 1 1 1 5 1 41 1 1 1 1 1 1 1 1 1 27 1 251 1 7 1 1 1 5 1 1 1 5 1 5 1 5 1 41 1 1 1 1 1 1 1 7 1 7 1 263 1 7 1 1 1 5 1 1 1 5 1 5 1 5 1 31 1 9 1 1 1 1 1 7 1 7 1 263 1 7 1 1 1 1 1 3 1 1 1 5 1 5 1 1 1 3 1 1 1 29 1 9 1 1 1 1 1 5 1 7 1 5 1 257 1 7 1 1 1 1 1 3 1 1 1 5 1 5 1 1 1 3 1 1 1 27 1 1 1 9 1 1 1 5 1 7 1 5 1 257 1 7 1 1 1 1 1 1 1 1 1 1 1 1 1 3 1 5 1 1 1 3 1 1 1 27 1 1 1 9 1 5 1 7 1 5 1 61 1 195 1 7 1 1 1 1 1 1 1 1 1 1 1 1 1 3 1 5 1 1 1 3 1 1 1 27 1 1 1 13 1 7 1 5 1 63 1 205 1 1 1 5 1 3 1 7 1 3 1 1 1 7 1 19 1 1 1 9 1 3 1 1 1 1 1 3 1 1 1 3 1 1 1 3 1 3 1 1 1 235 1 1 1 7 1 1 1 1 1 37 1 35 1 1 1 1 1 3 1 1 1 3 1 1 1 3 1 1 1 1 1 1 1 1 1 49 1 185 1 3 1 3 1 1 1 1 1 37 1 27 1 11 1 5 1 57 1 1 1 1 1 1 1 49 1 155 1 1 1 1 1 1 1 1 1 3 1 5 1 1 1 3 1 1 1 27 1 1 1 9 1 1 1 3 1 1 1 3 1 1 1 3 1 3 1 1 1 245 1 1 1 1 1 37 1 27 1 5 1 3 1 1 1 3 1 1 1 3 1 1 1 1 1 1 1 1 1 1 1 47 1 1 1 63 1 119 1 7 1 1 1 1 1 37 1 3 1 23 1 7 1 1 1 3 1 1 1 3 1 1 1 1 1 1 1 1 1 1 1 47 1 1 1 191 1 1 1 1 1 37 1 3 1 23 1 9 1 55 1 1 1 1 1 1 1 1 1 43 1 1 1 1 1 1 1 1 1 1 1 1 1 149 1 1 1 3 1 1 1 3 1 5 1 1 1 3 1 1 1 7 1 19 1 1 1 9 1 3 1 1 1 3 1 1 1 1 1 1 1 51 1 65 1 169 1 3 1 23 1 7 1 1 1 3 1 1 1 1 1 1 1 1 1 1 1 1 1 45 1 1 1 1 1 1 1 55 1 3 1 1 1 127 1 1 1 37 1 3 1 23 1 61 1 1 1 1 1 1 1 45 1 1 1 1 1 1 1 1 1 1 1 1 1 1 1 1 1 143 1 1 1 5 1 3 1 7 1 3 1 1 1 7 1 9 1 9 1 1 1 9 1 3 1 1 1 1 1 1 1 1 1 49 1 65 1 1 1 167 1 3 1 23 1 7 1 1 1 1 1 1 1 1 1 1 1 1 1 1 1 43 1 1 1 1 1 1 1 55 1 3 1 1 1 7 1 155 1 3 1 3 1 23 1 27 1 1 1 1 1 1 1 1 1 1 1 1 1 1 1 1 1 1 1 1 1 1 1 1 1 27 1 1 1 1 1 1 1 1 1 1 1 1 1 1 1 1 1 1 1 1 1 35 1 23 1 1 1 1 1 1 1 1 1 1 1 107 1 3 1 1 1 1 1 3 1 1 1 5 1 7 1 1 1 7 1 1 1 15 1 1 1 1 1 1 1 49 1 1 1 63 1 1 1 7 1 159 1 3 1 23 1 5 1 1 1 1 1 1 1 1 1 1 1 1 1 1 1 39 1 1 1 1 1 1 1 1 1 1 1 1 1 49 1 1 1 1 1 1 1 7 1 1 1 1 1 1 1 143 1 5 1 1 1 1 1 3 1 9 1 13 1 5 1 1 1 1 1 47 1 1 1 1 1 57 1 3 1 1 1 7 1 1 1 157 1 3 1 23 1 5 1 1 1 1 1 1 1 43 1 1 1 1 1 1 1 1 1 53 1 1 1 1 1 1 1 7 1 1 1 1 1 155 1 3 1 9 1 13 1 5 1 1 1 1 1 1 1 1 1 39 1 1 1 1 1 1 1 1 1 1 1 1 1 49 1 1 1 1 1 1 1 7 1 1 1 1 1 1 1 1 1 1 1 145 1 3 1 3 1 9 1 13 1 5 1 1 1 1 1 1 1 1 1 37 1 1 1 1 1 1 1 1 1 1 1 1 1 1 1 47 1 1 1 1 1 1 1 1 1 5 1 1 1 1 1 1 1 1 1 1 1 1 1 137 1 5 1 1 1 1 1 3 1 9 1 13 1 5 1 1 1 1 1 1 1 1 1 35 1 1 1 1 1 1 1 1 1 1 1 1 1 1 1 1 1 45 1 1 1 3 1 1 1 5 1 1 1 1 1 1 1 1 1 1 1 1 1 137 1 5 1 1 1 1 1 3 1 9 1 13 1 5 1 1 1 1 1 1 1 1 1 33 1 1 1 1 1 1 1 1 1 1 1 1 1 1 1 1 1 1 1 43 1 1 1 5 1 5 1 1 1 1 1 1 1 1 1 1 1 1 1 1 1 135 1 5 1 1 1 1 1 13 1 13 1 5 1 1 1 1 1 1 1 1 1 31 1 1 1 1 1 1 1 1 1 1 1 1 1 1 1 1 1 1 1 1 1 41 1 1 1 5 1 5 1 1 1 1 1 1 1 1 1 1 1 1 1 1 1 1 1 133 1 5 1 1 1 1 1 13 1 13 1 5 1 1 1 1 1 1 1 1 1 31 1 1 1 1 1 1 1 1 1 1 1 1 1 1 1 1 1 1 1 1 1 39 1 1 1 5 1 11 1 1 1 1 1 1 1 1 1 1 1 1 1 131 1 5 1 1 1 15 1 19 1 1 1 1 1 1 1 1 1 31 1 1 1 1 1 1 1 1 1 1 1 1 1 1 1 1 1 1 1 1 1 37 1 1 1 5 1 13 1 1 1 1 1 1 1 1 1 1 1 1 1 129 1 5 1 1 1 17 1 17 1 1 1 1 1 1 1 1 1 31 1 1 1 1 1 1 1 1 1 1 1 1 1 1 1 1 1 1 1 1 1 37 1 5 1 13 1 1 1 1 1 1 1 1 1 1 1 1 1 1 1 119 1 7 1 5 1 1 1 17 1 17 1 1 1 1 1 1 1 1 1 31 1 1 1 1 1 1 1 1 1 1 1 1 1 1 1 1 1 1 1 1 1 35 1 5 1 15 1 1 1 1 1 1 1 1 1 1 1 1 1 1 1 113 1 3 1 7 1 5 1 1 1 17 1 1 1 15 1 1 1 1 1 1 1 1 1 31 1 1 1 1 1 1 1 1 1 1 1 1 1 1 1 1 1 1 1 1 1 33 1 5 1 17 1 1 1 1 1 1 1 1 1 1 1 1 1 1 1 111 1 3 1 1 1 5 1 5 1 1 1 9 1 7 1 1 1 15 1 1 1 1 1 1 1 1 1 31 1 1 1 1 1 1 1 1 1 1 1 1 1 1 1 1 1 1 1 1 1 37 1 19 1 1 1 1 1 1 1 1 1 1 1 1 1 111 1 3 1 1 1 5 1 5 1 1 1 7 1 1 1 7 1 1 1 15 1 1 1 1 1 1 1 1 1 31 1 1 1 1 1 1 1 1 1 1 1 1 1 1 1 1 1 1 1 37 1 19 1 1 1 1 1 1 1 1 1 1 1 1 1 1 1 1 1 111 1 1 1 5 1 5 1 1 1 7 1 1 1 7 1 1 1 15 1 1 1 1 1 1 1 1 1 31 1 1 1 1 1 1 1 1 1 1 1 1 1 1 1 1 1 1 1 37 1 19 1 1 1 1 1 1 1 1 1 1 1 1 1 1 1 111 1 1 1 5 1 7 1 7 1 1 1 7 1 1 1 15 1 1 1 1 1 1 1 1 1 31 1 1 1 1 1 1 1 1 1 1 1 1 1 1 1 1 1 1 1 35 1 23 1 1 1 1 1 1 1 1 1 1 1 1 1 109 1 1 1 13 1 7 1 1 1 7 1 1 1 15 1 1 1 1 1 1 1 1 1 31 1 1 1 1 1 1 1 1 1 1 1 1 1 1 1 1 1 1 1 33 1 23 1 1 1 1 1 1 1 1 1 1 1 1 1 1 1 107 1 1 1 21 1 1 1 1 1 5 1 1 1 15 1 1 1 1 1 1 1 1 1 31 1 1 1 1 1 1 1 1 1 1 1 1 1 1 1 1 1 1 1 31 1 27 1 1 1 1 1 1 1 1 1 1 1 107 1 1 1 7 1 13 1 1 1 1 1 7 1 15 1 1 1 1 1 1 1 1 1 31 1 1 1 1 1 1 1 1 1 1 1 1 1 1 1 1 1 1 1 29 1 27 1 1 1 1 1 1 1 1 1 1 1 1 1 1 1 107 1 5 1 13 1 1 1 1 1 7 1 15 1 1 1 1 1 1 1 1 1 31 1 1 1 1 1 1 1 1 1 1 1 1 1 1 1 1 1 1 1 27 1 1 1 27 1 1 1 1 1 1 1 1 1 1 1 1 1 1 1 105 1 5 1 13 1 1 1 1 1 7 1 15 1 1 1 1 1 1 1 1 1 31 1 1 1 1 1 1 1 1 1 1 1 1 1 1 1 1 1 1 1 25 1 1 1 31 1 1 1 1 1 1 1 1 1 1 1 105 1 5 1 13 1 1 1 1 1 13 1 9 1 1 1 1 1 1 1 33 1 1 1 1 1 1 1 1 1 1 1 1 1 1 1 1 1 1 1 23 1 1 1 31 1 1 1 1 1 1 1 1 1 1 1 1 1 1 1 101 1 5 1 13 1 1 1 1 1 13 1 9 1 1 1 1 1 35 1 1 1 1 1 1 1 1 1 1 1 1 1 1 1 1 1 1 1 21 1 1 1 33 1 1 1 1 1 1 1 1 1 1 1 1 1 101 1 5 1 1 1 11 1 3 1 13 1 9 1 1 1 1 1 35 1 1 1 1 1 1 1 1 1 1 1 1 1 1 1 1 1 1 1 21 1 33 1 1 1 1 1 1 1 1 1 1 1 1 1 1 1 93 1 5 1 1 1 3 1 1 1 11 1 3 1 1 1 9 1 1 1 9 1 1 1 35 1 1 1 1 1 1 1 1 1 1 1 1 1 1 1 1 1 1 1 1 1 19 1 37 1 1 1 1 1 1 1 1 1 1 1 1 1 91 1 5 1 1 1 3 1 1 1 15 1 1 1 9 1 1 1 9 1 37 1 1 1 1 1 1 1 1 1 1 1 1 1 1 1 1 1 1 1 1 1 1 1 15 1 39 1 1 1 1 1 1 1 1 1 1 1 1 1 1 1 87 1 5 1 1 1 3 1 1 1 7 1 7 1 1 1 9 1 1 1 51 1 1 1 1 1 1 1 1 1 1 1 1 1 1 1 1 1 1 1 13 1 43 1 1 1 1 1 1 1 1 1 1 1 1 1 1 1 1 1 81 1 7 1 3 1 1 1 7 1 9 1 9 1 1 1 9 1 1 1 1 1 1 1 1 1 1 1 49 1 1 1 1 1 1 1 7 1 1 1 1 1 1 1 1 1 1 1 145 1 3 1 3 1 9 1 13 1 5 1 1 1 1 1 1 1 1 1 49 1 1 1 1 1 1 1 7 1 1 1 1 1 1 1 1 1 1 1 145 1 3 1 3 1 9 1 13 1 5 1 1 1 1 1 1 1 1 1 47 1 1 1 1 1 1 1 1 1 5 1 1 1 1 1 1 1 1 1 1 1 1 1 137 1 5 1 1 1 1 1 3 1 9 1 13 1 5 1 1 1 1 1 1 1 1 1 45 1 1 1 1 1 1 1 1 1 5 1 1 1 1 1 1 1 1 1 1 1 1 1 1 1 135 1 5 1 1 1 1 1 3 1 9 1 13 1 5 1 1 1 1 1 1 1 1 1 43 1 1 1 5 1 5 1 1 1 1 1 1 1 1 1 1 1 1 1 1 1 135 1 5 1 1 1 1 1 13 1 13 1 5 1 1 1 1 1 1 1 1 1 41 1 1 1 5 1 5 1 1 1 1 1 1 1 1 1 1 1 1 1 1 1 1 1 133 1 5 1 1 1 15 1 13 1 5 1 1 1 1 1 1 1 1 1 39 1 1 1 5 1 7 1 1 1 1 1 1 1 1 1 1 1 1 1 1 1 1 1 131 1 5 1 1 1 15 1 1 1 17 1 1 1 1 1 1 1 1 1 37 1 1 1 5 1 11 1 1 1 1 1 1 1 1 1 1 1 1 1 1 1 129 1 5 1 1 1 15 1 1 1 17 1 1 1 1 1 1 1 1 1 37 1 5 1 13 1 1 1 1 1 1 1 1 1 1 1 1 1 1 1 127 1 5 1 1 1 17 1 17 1 1 1 1 1 1 1 1 1 35 1 5 1 15 1 1 1 1 1 1 1 1 1 1 1 1 1 1 1 117 1 7 1 5 1 1 1 17 1 1 1 15 1 1 1 1 1 1 1 1 1 33 1 5 1 17 1 1 1 1 1 1 1 1 1 1 1 1 1 1 1 115 1 7 1 5 1 1 1 9 1 7 1 1 1 15 1 1 1 1 1 1 1 1 1 37 1 19 1 1 1 1 1 1 1 1 1 1 1 1 1 1 1 113 1 7 1 5 1 1 1 7 1 1 1 7 1 1 1 15 1 1 1 1 1 1 1 37 1 1 1 17 1 1 1 1 1 1 1 1 1 1 1 1 1 1 1 1 1 111 1 7 1 5 1 1 1 7 1 1 1 7 1 1 1 15 1 1 1 1 1 1 1 37 1 17 1 1 1 1 1 1 1 1 1 1 1 1 1 1 1 1 1 1 1 109 1 1 1 13 1 7 1 1 1 7 1 1 1 15 1 1 1 1 1 1 1 35 1 19 1 1 1 1 1 1 1 1 1 1 1 1 1 1 1 1 1 1 1 107 1 1 1 13 1 7 1 1 1 1 1 5 1 1 1 15 1 1 1 1 1 1 1 33 1 23 1 1 1 1 1 1 1 1 1 1 1 1 1 1 1 107 1 23 1 1 1 1 1 5 1 1 1 15 1 1 1 1 1 1 1 31 1 23 1 1 1 1 1 1 1 1 1 1 1 1 1 1 1 1 1 1 1 127 1 1 1 1 1 7 1 15 1 1 1 1 1 1 1 1 1 27 1 1 1 25 1 1 1 1 1 1 1 1 1 1 1 1 1 1 1 1 1 111 1 13 1 1 1 1 1 7 1 15 1 1 1 1 1 1 1 1 1 25 1 1 1 29 1 1 1 1 1 1 1 1 1 1 1 1 1 1 1 103 1 5 1 13 1 1 1 1 1 23 1 1 1 1 1 1 1 1 1 23 1 1 1 31 1 1 1 1 1 1 1 1 1 1 1 1 1 1 1 101 1 5 1 13 1 1 1 1 1 13 1 9 1 1 1 1 1 1 1 1 1 21 1 1 1 31 1 1 1 1 1 1 1 1 1 1 1 1 1 1 1 1 1 99 1 5 1 13 1 1 1 1 1 1 1 11 1 9 1 1 1 1 1 1 1 1 1 19 1 1 1 33 1 1 1 1 1 1 1 1 1 1 1 1 1 1 1 1 1 97 1 5 1 1 1 11 1 3 1 1 1 11 1 9 1 1 1 1 1 1 1 1 1 19 1 33 1 1 1 1 1 1 1 1 1 1 1 1 1 1 1 1 1 1 1 97 1 3 1 1 1 15 1 1 1 9 1 1 1 9 1 1 1 1 1 1 1 1 1 17 1 37 1 1 1 1 1 1 1 1 1 1 1 1 1 1 1 1 1 95 1 3 1 1 1 7 1 7 1 1 1 9 1 1 1 9 1 1 1 1 1 1 1 1 1 1 1 13 1 39 1 1 1 1 1 1 1 1 1 1 1 1 1 1 1 1 1 1 1 1 1 89 1 3 1 1 1 7 1 7 1 1 1 9 1 1 1 9 1 1 1 1 1 1 1 1 1 13 1 41 1 1 1 1 1 1 1 1 1 1 1 1 1 1 1 1 1 1 1 89 1 3 1 1 1 7 1 9 1 9 1 1 1 9 1 1 1 1 1 1 1 13 1 43 1 1 1 1 1 1 1 1 1 1 1 1 1 1 1 1 1 89 1 5 1 7 1 9 1 9 1 1 1 9 1 1 1 1 1 13 1 45 1 1 1 1 1 1 1 1 1 1 1 1 1 1 1 89 1 5 1 7 1 9 1 9 1 1 1 9 1 1 1 61 1 1 1 1 1 1 1 1 1 1 1 1 1 95 1 7 1 9 1 9 1 1 1 9 1 61 1 1 1 1 1 1 1 1 1 1 1 1 1 95 1 7 1 9 1 9 1 1 1 71 1 1 1 1 1 1 1 1 1 1 1 103 1 9 1 9 1 11 1 1 1 1 1 1 1 5 1 1 1 1 1 1 1 1 1 1 1 1 1 1 1 141 1 1 1 1 1 3 1 9 1 13 1 7 1 1 1 5 1 1 1 1 1 1 1 1 1 1 1 1 1 1 1 1 1 1 1 131 1 5 1 1 1 1 1 3 1 9 1 13 1 5 1 7 1 1 1 1 1 1 1 153 1 3 1 9 1 13 1 11 1 1 1 1 1 1 1 1 1 151 1 3 1 9 1 13 1 11 1 1 1 1 1 1 1 1 1 1 1 1 1 1 1 1 1 1 1 1 1 127 1 5 1 1 1 15 1 1 1 17 1 23 1 1 1 1 1 1 1 1 1 1 1 1 1 1 1 1 1 1 1 125 1 1 1 1 1 7 1 47 1 1 1 1 1 1 1 1 1 1 1 1 1 1 1 1 1 1 1 1 1 99 1 17 1 1 1 11 1 9 1 1 1 1 1 1 1 1 1 1 1 147 1 3 1 9 1 13 1 5 1 1 1 1 1 1 1 1 1 147 1 3 1 9 1 13 1 5 1 1 1 1 1 1 1 1 1 149 1 9 1 13 1 5 1 1 1 1 1 1 1 149 1 9 1 13 1 5 1 1 1 1 1 1 1 139 1 17 1 19 1 1 1 1 1 1 1 137 1 1 1 15 1 1 1 17 1 1 1 1 1 1 1 135 1 1 1 15 1 1 1 17 1 1 1 1 1 1 1 1 1 125 1 5 1 1 1 15 1 1 1 1 1 15 1 1 1 1 1 1 1 1 1 129 1 1 1 9 1 7 1 1 1 15 1 1 1 1 1 1 1 1 1 129 1 9 1 7 1 1 1 15 1 1 1 1 1 1 1 1 1 127 1 9 1 7 1 1 1 15 1 1 1 1 1 1 1 1 1 133 1 1 1 7 1 1 1 15 1 1 1 1 1 1 1 133 1 1 1 7 1 1 1 15 1 1 1 1 1 1 1 131 1 1 1 1 1 5 1 1 1 15 1 1 1 1 1 1 1 129 1 1 1 1 1 5 1 1 1 15 1 1 1 1 1 1 1 127 1 1 1 1 1 5 1 1 1 15 1 1 1 1 1 1 1 1 1 123 1 1 1 1 1 7 1 15 1 1 1 1 1 1 1 1 1 121 1 1 1 1 1 7 1 15 1 1 1 1 1 1 1 1 1 119 1 1 1 1 1 23 1 1 1 1 1 1 1 1 1 117 1 1 1 1 1 1 1 21 1 1 1 1 1 1 1 1 1 115 1 3 1 1 1 21 1 1 1 1 1 1 1 1 1 117 1 1 1 21 1 1 1 1 1 1 1 1 1 1 1 1 1 111 1 1 1 21 1 1 1 1 1 1 1 1 1 1 1 103 1 7 1 1 1 21 1 1 1 1 1 1 1 1 1 103 1 9 1 21 1 1 1 1 1 1 1 103 1 9 1 21 1 1 1 1 1 103 1 9 1 9 1 11 1 1 1 103 1 9 1 9 1 11 1 103 1 9 1 9 1 113 1 9 1 9 1 11 1 3 1 1 1 5 1 1 1 103 1 15 1 1 1 5 1 1 1 103 1 17 1 1 1 5 1 5 1 5 1 95 1 7 1 5 1 1 1 103 1 17 1 1 1 103 1 13 1 5 1 5 1 3 1 1 1 5 1 89 1 11 1 5 1 3 1 1 1 95 1 7 1 103 1 115 1 17 1 3 1 1 1 5 1 1 1 87 1 7 1 3 1 5 1 7 1 89 1 1 1 3 1 5 1 7 1 5 1 83 1 5 1 1 1 5 1 1 1 5 1 81 1 11 1 7 1 5 1 83 1 3 1 5 1 1 1 5 1 81 1 11 1 1 1 95 1 5 1 5 1 7 1 85 1 11 1 79 1 3 1 1 1 91 1 1 1 7 1 85 1 1 1 1 1 3 1 3 1 1 1 1 1 71 1 7 1 87 1 81 1 1 1 3 1 3 1 1 1 1 1 71 1 7 1 1 1 1 1 73 1 3 1 1 1 1 1 155 1 1 1 27 1 5 1 1 1 41 1 1 1 5 1 1 1 11 1 5 1 41 1 1 1 71 1 141 1 5 1 1 1 11 1 5 1 45 1 1 1 11 1 5 1 41 1 1 1 1 1 1 1 3 1 7 1 3 1 1 1 27 1 1 1 11 1 1 1 3 1 7 1 33 1 11 1 5 1 5 1 5 1 45 1 5 1 1 1 3 1 1 1 29 1 11 1 7 1 5 1 27 1 1 1 11 1 1 1 5 1 5 1 1 1 39 1 1 1 3 1 1 1 27 1 1 1 9 1 5 1 5 1 1 1 39 1 7 1 35 1 3 1 1 1 29 1 11 1 1 1 7 1 19 1 1 1 13 1 1 1 35 1 11 1 3 1 11 1 1 1 15 1 9 1 9 1 1 1 9 1 1 1 13 1 13 1 21 1 19 1 9 1 13 1 13 1 9 1 1 1 17 1 13 1 5 1 1 1 7 1 15 1 5 1 1 1 15 1 11 1 17 1 1 1 21 1 5 1 41 1 27 1 -194037 -871 -12 1 -2
1 -1 79 -68 1 -12 5 -6 2 -1 1 8 1 3 5500 19063 -24568 190084 1 -280 -1 418 1 -23043 1 -167189 1 1 1 61 1 1 1 1 1 1 1 57 1 1 1 1 1 747 1 1 1 1 1 59 1 1 1 1 1 1 1 57 1 1 1 1 1 747 1 1 1 1 1 57 1 1 1 1 1 1 1 1 1 55 1 1 1 1 1 1 1 1 1 743 1 1 1 1 1 57 1 1 1 1 1 1 1 1 1 57 1 1 1 1 1 745 1 1 1 57 1 1 1 1 1 1 1 1 1 55 1 1 1 1 1 1 1 1 1 741 1 1 1 57 1 1 1 1 1 1 1 1 1 57 1 1 1 1 1 741 1 1 1 57 1 1 1 1 1 1 1 1 1 55 1 1 1 1 1 1 1 1 1 737 1 1 1 57 1 1 1 1 1 1 1 1 1 57 1 1 1 1 1 737 1 1 1 57 1 1 1 1 1 1 1 1 1 55 1 1 1 1 1 1 1 1 1 733 1 1 1 57 1 1 1 1 1 1 1 1 1 57 1 1 1 1 1 733 1 1 1 57 1 1 1 1 1 1 1 1 1 55 1 1 1 1 1 1 1 1 1 41 1 687 1 1 1 57 1 1 1 1 1 1 1 1 1 57 1 1 1 1 1 41 1 687 1 1 1 57 1 1 1 1 1 1 1 1 1 55 1 1 1 1 1 1 1 1 1 37 1 687 1 1 1 57 1 1 1 1 1 1 1 1 1 57 1 1 1 1 1 725 1 1 1 57 1 1 1 1 1 1 1 1 1 55 1 1 1 1 1 1 1 1 1 35 1 685 1 1 1 57 1 1 1 1 1 1 1 1 1 57 1 1 1 1 1 35 1 685 1 1 1 57 1 1 1 1 1 1 1 1 1 55 1 1 1 1 1 1 1 1 1 717 1 1 1 57 1 1 1 1 1 1 1 1 1 57 1 1 1 1 1 717 1 1 1 57 1 1 1 1 1 1 1 1 1 55 1 1 1 1 1 1 1 1 1 713 1 1 1 57 1 1 1 1 1 1 1 1 1 57 1 1 1 1 1 713 1 1 1 57 1 1 1 1 1 1 1 1 1 55 1 1 1 1 1 1 1 1 1 709 1 1 1 57 1 1 1 1 1 1 1 1 1 57 1 1 1 1 1 709 1 1 1 57 1 1 1 1 1 1 1 1 1 55 1 1 1 1 1 1 1 1 1 575 1 129 1 1 1 57 1 1 1 1 1 1 1 1 1 57 1 1 1 1 1 705 1 1 1 57 1 1 1 1 1 1 1 1 1 55 1 1 1 1 1 1 1 1 1 701 1 1 1 57 1 1 1 1 1 1 1 1 1 57 1 1 1 1 1 701 1 1 1 57 1 1 1 1 1 1 1 1 1 55 1 1 1 1 1 1 1 1 1 697 1 1 1 57 1 1 1 1 1 1 1 1 1 57 1 1 1 1 1 697 1 1 1 57 1 1 1 1 1 1 1 1 1 55 1 1 1 1 1 1 1 561 1 133 1 1 1 1 1 55 1 1 1 1 1 1 1 1 1 57 1 1 1 1 1 559 1 1 1 3 1 127 1 1 1 57 1 1 1 1 1 1 1 57 1 1 1 1 1 1 1 1 1 555 1 1 1 3 1 1 1 125 1 59 1 1 1 1 1 59 1 1 1 1 1 1 1 555 1 1 1 5 1 183 1 1 1 1 1 61 1 1 1 1 1 555 1 1 1 5 1 5 1 1 1 117 1 1 1 59 1 1 1 1 1 67 1 679 1 1 1 1 1 57 1 1 1 1 1 1 1 65 1 679 1 1 1 1 1 55 1 1 1 1 1 1 1 1 1 743 1 1 1 1 1 53 1 1 1 1 1 1 1 1 1 1 1 743 1 1 1 55 1 1 1 1 1 1 1 1 1 741 1 1 1 55 1 1 1 1 1 1 1 1 1 85 1 653 1 1 1 55 1 1 1 1 1 1 1 1 1 737 1 1 1 55 1 1 1 1 1 1 1 1 1 81 1 653 1 1 1 55 1 1 1 1 1 1 1 1 1 733 1 1 1 55 1 1 1 1 1 1 1 1 1 43 1 687 1 1 1 55 1 1 1 1 1 1 1 1 1 41 1 687 1 1 1 55 1 1 1 1 1 1 1 1 1 39 1 687 1 1 1 55 1 1 1 1 1 1 1 1 1 37 1 1 1 685 1 1 1 55 1 1 1 1 1 1 1 1 1 35 1 1 1 685 1 1 1 55 1 1 1 1 1 1 1 1 1 35 1 685 1 1 1 55 1 1 1 1 1 1 1 1 1 33 1 677 1 7 1 1 1 55 1 1 1 1 1 1 1 1 1 31 1 677 1 7 1 1 1 55 1 1 1 1 1 1 1 1 1 591 1 115 1 7 1 1 1 55 1 1 1 1 1 1 1 1 1 589 1 115 1 7 1 1 1 55 1 1 1 1 1 1 1 1 1 587 1 1 1 113 1 7 1 1 1 55 1 1 1 1 1 1 1 1 1 579 1 5 1 1 1 121 1 1 1 55 1 1 1 1 1 1 1 1 1 577 1 5 1 1 1 121 1 1 1 55 1 1 1 1 1 1 1 1 1 575 1 7 1 121 1 1 1 55 1 1 1 1 1 1 1 1 1 573 1 129 1 1 1 55 1 1 1 1 1 1 1 1 1 701 1 1 1 55 1 1 1 1 1 1 1 1 1 15 1 683 1 1 1 55 1 1 1 1 1 1 1 1 1 13 1 683 1 1 1 55 1 1 1 1 1 1 1 1 1 11 1 669 1 13 1 1 1 55 1 1 1 1 1 1 1 1 1 9 1 555 1 113 1 13 1 1 1 55 1 1 1 1 1 1 1 1 1 7 1 549 1 1 1 3 1 1 1 111 1 13 1 57 1 1 1 1 1 1 1 1 1 555 1 1 1 3 1 1 1 111 1 71 1 1 1 1 1 1 1 555 1 1 1 3 1 1 1 5 1 1 1 117 1 1 1 67 1 1 1 1 1 675 1 1 1 1 1 65 1 3 1 675 1 1 1 1 1 63 1 3 1 675 1 1 1 1 1 65 1 677 1 1 1 63 1 23 1 653 1 1 1 85 1 653 1 1 1 83 1 653 1 1 1 81 1 653 1 1 1 45 1 33 1 653 1 1 1 43 1 33 1 653 1 1 1 41 1 11 1 1 1 673 1 1 1 39 1 11 1 1 1 673 1 1 1 37 1 1 1 9 1 1 1 673 1 1 1 35 1 1 1 11 1 1 1 671 1 1 1 33 1 1 1 11 1 1 1 663 1 7 1 1 1 33 1 13 1 663 1 7 1 1 1 31 1 15 1 661 1 7 1 1 1 29 1 15 1 545 1 115 1 7 1 1 1 43 1 545 1 1 1 113 1 7 1 1 1 581 1 5 1 1 1 113 1 7 1 1 1 579 1 5 1 1 1 113 1 7 1 1 1 577 1 5 1 1 1 121 1 1 1 39 1 535 1 5 1 1 1 121 1 1 1 37 1 535 1 7 1 121 1 1 1 35 1 1 1 533 1 129 1 1 1 15 1 19 1 663 1 1 1 13 1 19 1 649 1 13 1 1 1 11 1 19 1 1 1 533 1 113 1 13 1 1 1 9 1 19 1 1 1 533 1 1 1 111 1 13 1 1 1 7 1 21 1 533 1 1 1 111 1 13 1 1 1 27 1 527 1 1 1 3 1 1 1 5 1 1 1 103 1 13 1 555 1 1 1 3 1 1 1 5 1 1 1 145 1 525 1 1 1 3 1 1 1 5 1 1 1 117 1 9 1 1 1 1 1 19 1 661 1 1 1 1 1 19 1 641 1 25 1 1 1 21 1 511 1 113 1 13 1 1 1 19 1 1 1 21 1 519 1 1 1 107 1 1 1 1 1 19 1 23 1 519 1 109 1 21 1 1 1 1 1 21 1 19 1 497 1 1 1 3 1 103 1 3 1 1 1 17 1 1 1 1 1 19 1 21 1 1 1 605 1 19 1 1 1 19 1 1 1 19 1 1 1 605 1 17 1 1 1 1 1 19 1 21 1 1 1 595 1 7 1 17 1 1 1 1 1 17 1 1 1 23 1 477 1 1 1 11 1 3 1 97 1 7 1 19 1 1 1 19 1 493 1 5 1 1 1 5 1 5 1 3 1 1 1 103 1 17 1 1 1 1 1 1 1 17 1 1 1 21 1 1 1 465 1 5 1 1 1 5 1 11 1 103 1 17 1 1 1 1 1 1 1 15 1 1 1 1 1 23 1 579 1 13 1 19 1 1 1 1 1 15 1 1 1 1 1 23 1 463 1 1 1 5 1 1 1 103 1 33 1 1 1 19 1 25 1 463 1 5 1 1 1 117 1 21 1 19 1 499 1 109 1 3 1 21 1 19 1 497 1 1 1 3 1 103 1 3 1 19 1 1 1 17 1 1 1 25 1 1 1 45 1 423 1 3 1 5 1 1 1 99 1 19 1 1 1 19 1 1 1 25 1 479 1 99 1 19 1 21 1 1 1 25 1 577 1 17 1 1 1 23 1 25 1 451 1 13 1 3 1 97 1 7 1 19 1 1 1 21 1 1 1 473 1 1 1 5 1 5 1 3 1 1 1 103 1 17 1 1 1 21 1 1 1 1 1 471 1 1 1 5 1 5 1 5 1 103 1 17 1 1 1 21 1 1 1 479 1 11 1 103 1 15 1 1 1 1 1 23 1 593 1 15 1 1 1 1 1 23 1 471 1 1 1 103 1 29 1 1 1 25 1 469 1 1 1 135 1 1 1 23 1 473 1 109 1 21 1 25 1 1 1 469 1 1 1 3 1 103 1 23 1 1 1 25 1 479 1 99 1 19 1 1 1 25 1 19 1 579 1 25 1 465 1 3 1 105 1 21 1 1 1 23 1 457 1 5 1 3 1 1 1 5 1 97 1 19 1 1 1 1 1 1 1 21 1 455 1 11 1 103 1 21 1 1 1 1 1 21 1 569 1 21 1 1 1 1 1 21 1 589 1 1 1 23 1 445 1 1 1 117 1 23 1 23 1 449 1 135 1 1 1 1 1 1 1 19 1 23 1 423 1 1 1 3 1 103 1 29 1 45 1 433 1 1 1 99 1 25 1 19 1 1 1 23 1 433 1 99 1 23 1 1 1 17 1 1 1 1 1 21 1 1 1 431 1 7 1 115 1 19 1 1 1 579 1 21 1 443 1 3 1 7 1 1 1 95 1 1 1 19 1 1 1 1 1 19 1 25 1 409 1 5 1 3 1 1 1 5 1 97 1 21 1 1 1 19 1 1 1 23 1 409 1 5 1 5 1 5 1 97 1 21 1 1 1 19 1 445 1 103 1 19 1 1 1 1 1 19 1 547 1 19 1 1 1 1 1 19 1 565 1 1 1 21 1 425 1 139 1 1 1 19 1 25 1 515 1 1 1 19 1 21 1 1 1 423 1 1 1 3 1 107 1 19 1 21 1 1 1 23 1 399 1 1 1 3 1 13 1 5 1 105 1 21 1 1 1 1 1 23 1 399 1 3 1 5 1 7 1 5 1 87 1 17 1 1 1 23 1 23 1 409 1 99 1 17 1 1 1 1 1 21 1 23 1 415 1 91 1 19 1 23 1 1 1 21 1 395 1 3 1 7 1 1 1 5 1 89 1 19 1 23 1 1 1 25 1 389 1 3 1 1 1 5 1 1 1 95 1 17 1 1 1 1 1 23 1 23 1 1 1 1 1 391 1 103 1 17 1 1 1 1 1 23 1 27 1 493 1 17 1 1 1 1 1 23 1 537 1 1 1 25 1 517 1 19 1 25 1 533 1 1 1 1 1 23 1 405 1 13 1 5 1 87 1 21 1 1 1 23 1 409 1 7 1 91 1 21 1 1 1 21 1 1 1 407 1 7 1 113 1 23 1 1 1 413 1 111 1 1 1 1 1 1 1 19 1 1 1 23 1 373 1 7 1 1 1 5 1 89 1 21 1 1 1 23 1 1 1 401 1 1 1 95 1 21 1 1 1 1 1 21 1 1 1 1 1 1 1 17 1 475 1 21 1 1 1 1 1 23 1 1 1 1 1 21 1 19 1 449 1 21 1 1 1 1 1 27 1 511 1 1 1 29 1 511 1 1 1 427 1 1 1 83 1 23 1 419 1 5 1 3 1 105 1 1 1 417 1 5 1 3 1 83 1 21 1 1 1 45 1 1 1 17 1 341 1 1 1 11 1 7 1 79 1 21 1 1 1 21 1 23 1 361 1 7 1 91 1 19 1 1 1 1 1 21 1 1 1 23 1 365 1 9 1 81 1 1 1 19 1 1 1 21 1 1 1 23 1 357 1 1 1 5 1 89 1 19 1 1 1 1 1 1 1 19 1 1 1 379 1 1 1 5 1 89 1 21 1 1 1 21 1 23 1 355 1 1 1 5 1 89 1 21 1 1 1 1 1 1 1 17 1 1 1 1 1 19 1 451 1 23 1 1 1 1 1 1 1 15 1 1 1 1 1 19 1 449 1 27 1 1 1 19 1 19 1 473 1 1 1 21 1 465 1 427 1 1 1 7 1 1 1 73 1 417 1 5 1 3 1 9 1 1 1 117 1 1 1 359 1 7 1 5 1 7 1 7 1 71 1 21 1 23 1 1 1 17 1 341 1 7 1 91 1 19 1 1 1 1 1 23 1 17 1 347 1 9 1 81 1 19 1 1 1 1 1 21 1 1 1 17 1 341 1 3 1 1 1 7 1 101 1 1 1 23 1 357 1 1 1 5 1 89 1 21 1 23 1 355 1 1 1 95 1 1 1 17 1 1 1 1 1 19 1 1 1 15 1 337 1 97 1 1 1 17 1 1 1 1 1 19 1 1 1 449 1 1 1 15 1 1 1 1 1 1 1 17 1 1 1 449 1 15 1 1 1 1 1 1 1 17 1 1 1 465 1 1 1 1 1 19 1 449 1 17 1 1 1 1 1 15 1 1 1 465 1 1 1 17 1 1 1 11 1 433 1 21 1 1 1 17 1 15 1 333 1 91 1 23 1 17 1 15 1 331 1 9 1 81 1 21 1 1 1 15 1 1 1 13 1 1 1 329 1 9 1 81 1 21 1 1 1 15 1 15 1 331 1 7 1 81 1 19 1 1 1 1 1 15 1 15 1 419 1 1 1 1 1 17 1 1 1 371 1 9 1 7 1 59 1 1 1 17 1 1 1 371 1 17 1 59 1 17 1 1 1 389 1 59 1 15 1 1 1 1 1 387 1 59 1 15 1 1 1 1 1 11 1 367 1 1 1 79 1 1 1 11 1 369 1 63 1 17 1 15 1 29 1 309 1 7 1 7 1 71 1 15 1 1 1 13 1 1 1 31 1 1 1 311 1 95 1 1 1 11 1 1 1 1 1 423 1 15 1 13 1 1 1 1 1 329 1 9 1 81 1 13 1 1 1 1 1 11 1 1 1 1 1 329 1 7 1 81 1 13 1 1 1 13 1 1 1 341 1 7 1 1 1 67 1 13 1 15 1 341 1 7 1 1 1 5 1 1 1 59 1 33 1 55 1 279 1 11 1 3 1 1 1 59 1 11 1 367 1 1 1 5 1 67 1 21 1 345 1 1 1 5 1 57 1 13 1 1 1 27 1 1 1 1 1 313 1 79 1 11 1 1 1 1 1 31 1 1 1 1 1 387 1 11 1 1 1 1 1 35 1 1 1 1 1 299 1 81 1 11 1 1 1 1 1 41 1 389 1 1 1 45 1 1 1 1 1 291 1 7 1 1 1 5 1 81 1 55 1 289 1 1 1 5 1 69 1 1 1 5 1 1 1 53 1 267 1 1 1 7 1 1 1 85 1 9 1 1 1 319 1 9 1 1 1 71 1 23 1 1 1 1 1 1 1 1 1 1 1 1 1 309 1 35 1 43 1 27 1 1 1 1 1 1 1 1 1 1 1 1 1 303 1 23 1 11 1 7 1 35 1 31 1 1 1 1 1 1 1 1 1 1 1 1 1 295 1 25 1 3 1 1 1 49 1 35 1 1 1 1 1 1 1 1 1 1 1 1 1 289 1 29 1 1 1 89 1 1 1 1 1 1 1 1 1 1 1 1 1 287 1 7 1 1 1 5 1 1 1 59 1 5 1 1 1 53 1 7 1 269 1 1 1 79 1 1 1 1 1 1 1 49 1 5 1 261 1 9 1 1 1 119 1 1 1 1 1 1 1 7 1 287 1 1 1 5 1 5 1 5 1 95 1 289 1 1 1 5 1 45 1 11 1 53 1 5 1 1 1 269 1 75 1 51 1 1 1 3 1 1 1 269 1 1 1 73 1 51 1 5 1 1 1 269 1 1 1 71 1 1 1 1 1 45 1 5 1 1 1 5 1 257 1 5 1 1 1 71 1 1 1 45 1 271 1 7 1 71 1 1 1 1 1 313 1 7 1 71 1 1 1 1 1 311 1 35 1 43 1 1 1 311 1 35 1 5 1 1 1 35 1 1 1 345 1 5 1 1 1 35 1 1 1 1 1 329 1 11 1 5 1 1 1 35 1 1 1 329 1 11 1 7 1 35 1 1 1 1 1 325 1 3 1 7 1 7 1 35 1 1 1 325 1 3 1 1 1 5 1 7 1 35 1 1 1 323 1 3 1 1 1 13 1 35 1 1 1 321 1 3 1 1 1 49 1 1 1 1 1 321 1 1 1 49 1 1 1 321 1 1 1 49 1 1 1 319 1 1 1 49 1 1 1 1 1 317 1 49 1 1 1 367 1 1 1 295 1 7 1 1 1 11 1 5 1 41 1 1 1 1 1 291 1 1 1 5 1 1 1 11 1 5 1 41 1 1 1 291 1 7 1 1 1 11 1 5 1 41 1 1 1 1 1 295 1 1 1 11 1 5 1 41 1 1 1 7 1 287 1 1 1 5 1 5 1 5 1 41 1 7 1 7 1 281 1 5 1 5 1 5 1 47 1 7 1 275 1 5 1 5 1 7 1 3 1 45 1 7 1 5 1 269 1 1 1 5 1 3 1 7 1 33 1 11 1 3 1 1 1 5 1 5 1 337 1 1 1 5 1 5 1 259 1 77 1 5 1 281 1 7 1 3 1 1 1 27 1 1 1 9 1 5 1 5 1 333 1 3 1 1 1 3 1 1 1 3 1 331 1 5 1 335 1 281 1 7 1 3 1 1 1 27 1 1 1 9 1 3 1 1 1 3 1 331 1 5 1 3 1 287 1 27 1 67 1 225 1 5 1 7 1 21 1 9 1 3 1 3 1 1 1 323 1 1 1 1 1 1 1 1 1 49 1 235 1 27 1 33 1 1 1 1 1 1 1 1 1 1 1 1 1 41 1 1 1 1 1 1 1 1 1 185 1 1 1 51 1 1 1 117 1 205 1 1 1 1 1 1 1 45 1 1 1 1 1 1 1 55 1 173 1 27 1 5 1 51 1 65 1 1 1 171 1 23 1 5 1 49 1 1 1 63 1 1 1 167 1 3 1 23 1 5 1 1 1 45 1 1 1 1 1 1 1 55 1 173 1 27 1 5 1 1 1 43 1 1 1 1 1 1 1 1 1 53 1 1 1 171 1 27 1 5 1 1 1 41 1 1 1 1 1 1 1 1 1 1 1 51 1 1 1 167 1 37 1 1 1 43 1 1 1 1 1 1 1 1 1 49 1 1 1 167 1 37 1 1 1 43 1 1 1 1 1 1 1 1 1 49 1 161 1 5 1 1 1 35 1 1 1 43 1 1 1 1 1 1 1 1 1 47 1 161 1 5 1 1 1 35 1 1 1 43 1 1 1 1 1 1 1 1 1 45 1 5 1 155 1 5 1 1 1 35 1 1 1 43 1 1 1 1 1 1 1 1 1 205 1 5 1 1 1 35 1 1 1 43 1 1 1 1 1 1 1 1 1 203 1 5 1 1 1 35 1 1 1 43 1 1 1 1 1 1 1 1 1 209 1 35 1 1 1 43 1 1 1 1 1 1 1 1 1 207 1 35 1 1 1 43 1 1 1 1 1 1 1 1 1 241 1 1 1 43 1 1 1 1 1 1 1 1 1 213 1 25 1 1 1 43 1 1 1 1 1 1 1 1 1 211 1 25 1 1 1 43 1 1 1 1 1 1 1 209 1 1 1 25 1 1 1 43 1 1 1 1 1 1 1 207 1 1 1 25 1 1 1 1 1 41 1 1 1 1 1 1 1 35 1 169 1 1 1 25 1 1 1 43 1 1 1 1 1 1 1 203 1 3 1 23 1 1 1 43 1 1 1 1 1 1 1 201 1 3 1 23 1 1 1 41 1 1 1 1 1 1 1 1 1 185 1 17 1 23 1 1 1 41 1 1 1 1 1 1 1 1 1 183 1 17 1 23 1 1 1 41 1 1 1 1 1 1 1 1 1 27 1 153 1 17 1 13 1 9 1 43 1 1 1 1 1 1 1 1 1 211 1 9 1 43 1 1 1 1 1 1 1 1 1 23 1 173 1 11 1 57 1 1 1 1 1 1 1 1 1 1 1 171 1 7 1 9 1 9 1 1 1 9 1 1 1 1 1 55 1 3 1 1 1 7 1 1 1 157 1 3 1 23 1 5 1 1 1 55 1 13 1 1 1 157 1 3 1 9 1 13 1 5 1 1 1 53 1 1 1 11 1 173 1 13 1 5 1 1 1 51 1 1 1 185 1 19 1 1 1 49 1 1 1 167 1 37 1 1 1 49 1 5 1 161 1 37 1 1 1 47 1 5 1 17 1 137 1 5 1 1 1 35 1 1 1 45 1 5 1 19 1 135 1 5 1 1 1 35 1 1 1 49 1 19 1 135 1 5 1 1 1 35 1 1 1 47 1 19 1 143 1 17 1 17 1 1 1 69 1 139 1 17 1 17 1 1 1 225 1 17 1 1 1 69 1 145 1 7 1 1 1 15 1 1 1 213 1 9 1 15 1 1 1 69 1 139 1 1 1 9 1 15 1 39 1 169 1 1 1 25 1 37 1 33 1 135 1 1 1 25 1 1 1 1 1 31 1 35 1 133 1 1 1 1 1 23 1 1 1 31 1 35 1 133 1 3 1 23 1 1 1 203 1 23 1 1 1 29 1 39 1 131 1 23 1 1 1 27 1 171 1 23 1 1 1 25 1 171 1 23 1 1 1 23 1 173 1 21 1 1 1 1 1 19 1 47 1 125 1 11 1 9 1 1 1 193 1 21 1 1 1 71 1 109 1 9 1 9 1 11 1 1 1 1 1 67 1 5 1 103 1 9 1 9 1 11 1 1 1 73 1 103 1 9 1 9 1 11 1 73 1 103 1 19 1 83 1 103 1 19 1 11 1 11 1 1 1 1 1 1 1 1 1 165 1 13 1 9 1 9 1 1 1 1 1 1 1 1 1 143 1 17 1 19 1 7 1 163 1 35 1 1 1 161 1 41 1 1 1 1 1 1 1 1 1 205 1 1 1 1 1 1 1 1 1 131 1 1 1 1 1 61 1 1 1 1 1 1 1 1 1 1 1 121 1 1 1 21 1 1 1 1 1 157 1 9 1 19 1 1 1 1 1 165 1 19 1 1 1 165 1 19 1 1 1 163 1 19 1 1 1 161 1 19 1 1 1 159 1 19 1 1 1 177 1 1 1 1 1 155 1 17 1 1 1 155 1 17 1 1 1 153 1 17 1 1 1 151 1 1 1 15 1 1 1 141 1 7 1 1 1 15 1 1 1 1 1 137 1 7 1 1 1 15 1 1 1 137 1 9 1 15 1 1 1 133 1 1 1 9 1 15 1 1 1 131 1 1 1 9 1 15 1 1 1 1 1 127 1 1 1 1 1 23 1 1 1 1 1 129 1 23 1 1 1 129 1 23 1 1 1 1 1 125 1 23 1 1 1 125 1 23 1 1 1 123 1 23 1 1 1 123 1 21 1 1 1 1 1 119 1 21 1 1 1 119 1 21 1 119 1 25 1 113 1 397 1 9 1 21 1 265 1 1 1 5 1 115 1 5 1 1 1 103 1 17 1 1 1 103 1 13 1 5 1 5 1 101 1 11 1 5 1 101 1 7 1 237 1 5 1 103 1 3 1 103 1 5 1 103 1 5 1 1 1 5 1 101 1 107 1 1 1 197 1 197 1 5 1 93 1 93 1 3 1 91 1 171 1 3 1 5 1 1 1 71 1 7 1 1 1 79 1 1 1 1 1 157 1 77 1 1 1 5 1 1 1 59 1 73 1 141 1 5 1 1 1 63 1 1 1 59 1 5 1 3 1 57 1 57 1 11 1 5 1 51 1 5 1 99 1 7 1 7 1 41 1 3 1 1 1 29 1 9 1 13 1 87 1 45 1 27 1 1 1 13 1 1 1 65 1 35 1 1 1 9 1 95 1 13 1 9 1 33 1 5 1 1 1 31 1 117 1 -194009 -871 -12 1 -2
1 152 -142 1 -12 5 -6 2 -1 1 8 1 3 10722 5649 -16380 190088 1 -140 -1 -189952 1 1 1 1 1 1 1 57 1 1 1 1 1 1 1 1 1 55 1 1 1 1 1 1 1 65 1 679 1 1 1 1 1 1 1 57 1 1 1 1 1 1 1 1 1 1 1 53 1 1 1 1 1 1 1 1 1 63 1 679 1 1 1 1 1 1 1 1 1 53 1 1 1 1 1 1 1 1 1 1 1 1 1 51 1 1 1 1 1 1 1 1 1 1 1 61 1 679 1 1 1 1 1 1 1 53 1 1 1 1 1 1 1 1 1 1 1 1 1 1 1 49 1 1 1 1 1 1 1 1 1 1 1 1 1 739 1 1 1 1 1 1 1 1 1 51 1 1 1 1 1 1 1 1 1 1 1 1 1 1 1 49 1 1 1 1 1 1 1 1 1 1 1 1 1 737 1 1 1 1 1 1 1 51 1 1 1 1 1 1 1 1 1 1 1 1 1 1 1 1 1 49 1 1 1 1 1 1 1 1 1 1 1 1 1 83 1 653 1 1 1 1 1 1 1 49 1 1 1 1 1 1 1 1 1 1 1 1 1 1 1 1 1 49 1 1 1 1 1 1 1 1 1 1 1 1 1 81 1 653 1 1 1 1 1 51 1 1 1 1 1 1 1 1 1 1 1 1 1 1 1 1 1 49 1 1 1 1 1 1 1 1 1 1 1 1 1 79 1 653 1 1 1 1 1 1 1 49 1 1 1 1 1 1 1 1 1 1 1 1 1 1 1 1 1 49 1 1 1 1 1 1 1 1 1 1 1 1 1 43 1 33 1 653 1 1 1 1 1 51 1 1 1 1 1 1 1 1 1 1 1 1 1 1 1 1 1 49 1 1 1 1 1 1 1 1 1 1 1 1 1 41 1 687 1 1 1 1 1 1 1 49 1 1 1 1 1 1 1 1 1 1 1 1 1 1 1 1 1 49 1 1 1 1 1 1 1 1 1 1 1 1 1 39 1 687 1 1 1 1 1 51 1 1 1 1 1 1 1 1 1 1 1 1 1 1 1 1 1 49 1 1 1 1 1 1 1 1 1 1 1 1 1 37 1 687 1 1 1 1 1 1 1 49 1 1 1 1 1 1 1 1 1 1 1 1 1 1 1 1 1 49 1 1 1 1 1 1 1 1 1 1 1 1 1 35 1 1 1 685 1 1 1 1 1 51 1 1 1 1 1 1 1 1 1 1 1 1 1 1 1 1 1 49 1 1 1 1 1 1 1 1 1 1 1 1 1 33 1 1 1 685 1 1 1 1 1 1 1 49 1 1 1 1 1 1 1 1 1 1 1 1 1 1 1 1 1 49 1 1 1 1 1 1 1 1 1 1 1 1 1 31 1 1 1 677 1 7 1 1 1 1 1 51 1 1 1 1 1 1 1 1 1 1 1 1 1 1 1 1 1 49 1 1 1 1 1 1 1 1 1 1 1 1 1 31 1 677 1 7 1 1 1 1 1 1 1 49 1 1 1 1 1 1 1 1 1 1 1 1 1 1 1 1 1 49 1 1 1 1 1 1 1 1 1 1 1 1 1 29 1 561 1 115 1 7 1 1 1 1 1 51 1 1 1 1 1 1 1 1 1 1 1 1 1 1 1 51 1 1 1 1 1 1 1 1 1 1 1 1 1 27 1 561 1 115 1 7 1 1 1 1 1 1 1 49 1 1 1 1 1 1 1 1 1 1 1 1 1 1 1 1 1 49 1 1 1 1 1 1 1 1 1 1 1 1 1 587 1 1 1 113 1 7 1 1 1 1 1 51 1 1 1 1 1 1 1 1 1 1 1 1 1 1 1 51 1 1 1 1 1 1 1 1 1 1 1 1 1 579 1 5 1 1 1 113 1 7 1 1 1 1 1 1 1 51 1 1 1 1 1 1 1 1 1 1 1 1 1 1 1 49 1 1 1 1 1 1 1 1 1 1 1 1 1 577 1 5 1 1 1 113 1 7 1 1 1 1 1 51 1 1 1 1 1 1 1 1 1 1 1 1 1 1 1 51 1 1 1 1 1 1 1 1 1 1 1 1 1 575 1 5 1 1 1 121 1 1 1 1 1 1 1 51 1 1 1 1 1 1 1 1 1 1 1 1 1 1 1 49 1 1 1 1 1 1 1 1 1 1 1 1 1 573 1 5 1 1 1 121 1 1 1 1 1 51 1 1 1 1 1 1 1 1 1 1 1 1 1 1 1 51 1 1 1 1 1 1 1 1 1 1 1 1 1 571 1 7 1 121 1 1 1 1 1 1 1 51 1 1 1 1 1 1 1 1 1 1 1 1 1 1 1 49 1 1 1 1 1 1 1 1 1 1 1 1 1 15 1 553 1 129 1 1 1 1 1 1 1 49 1 1 1 1 1 1 1 1 1 1 1 1 1 1 1 51 1 1 1 1 1 1 1 1 1 1 1 1 1 13 1 19 1 663 1 1 1 1 1 1 1 51 1 1 1 1 1 1 1 1 1 1 1 1 1 1 1 49 1 1 1 1 1 1 1 1 1 1 1 1 1 11 1 19 1 649 1 13 1 1 1 1 1 1 1 49 1 1 1 1 1 1 1 1 1 1 1 1 1 1 1 1 1 49 1 1 1 1 1 1 1 1 1 1 1 1 1 9 1 19 1 529 1 5 1 113 1 13 1 1 1 1 1 1 1 51 1 1 1 1 1 1 1 1 1 1 1 1 1 51 1 1 1 1 1 1 1 1 1 1 1 1 1 7 1 549 1 1 1 3 1 1 1 111 1 13 1 1 1 1 1 51 1 1 1 1 1 1 1 1 1 1 1 1 1 53 1 1 1 1 1 1 1 1 1 1 1 1 1 5 1 21 1 527 1 1 1 3 1 1 1 111 1 13 1 1 1 53 1 1 1 1 1 1 1 1 1 1 1 55 1 1 1 1 1 1 1 1 1 1 1 5 1 21 1 527 1 1 1 3 1 1 1 5 1 1 1 103 1 13 1 55 1 1 1 1 1 1 1 1 1 57 1 1 1 1 1 1 1 1 1 555 1 1 1 3 1 1 1 5 1 1 1 103 1 69 1 1 1 1 1 1 1 57 1 1 1 1 1 1 1 1 1 29 1 525 1 1 1 3 1 1 1 5 1 1 1 117 1 1 1 1 1 57 1 1 1 1 1 1 1 65 1 1 1 1 1 675 1 1 1 1 1 1 1 1 1 53 1 1 1 1 1 1 1 1 1 1 1 61 1 1 1 1 1 675 1 1 1 1 1 1 1 53 1 1 1 1 1 1 1 1 1 1 1 1 1 59 1 3 1 675 1 1 1 1 1 1 1 1 1 49 1 1 1 1 1 1 1 1 1 1 1 1 1 1 1 57 1 3 1 23 1 651 1 1 1 1 1 1 1 49 1 1 1 1 1 1 1 1 1 1 1 1 1 1 1 1 1 59 1 23 1 653 1 1 1 1 1 1 1 47 1 1 1 1 1 1 1 1 1 1 1 1 1 1 1 1 1 81 1 653 1 1 1 1 1 49 1 1 1 1 1 1 1 1 1 1 1 1 1 1 1 1 1 79 1 653 1 1 1 1 1 1 1 47 1 1 1 1 1 1 1 1 1 1 1 1 1 1 1 1 1 43 1 33 1 653 1 1 1 1 1 49 1 1 1 1 1 1 1 1 1 1 1 1 1 1 1 1 1 41 1 33 1 653 1 1 1 1 1 1 1 47 1 1 1 1 1 1 1 1 1 1 1 1 1 1 1 1 1 39 1 11 1 21 1 653 1 1 1 1 1 49 1 1 1 1 1 1 1 1 1 1 1 1 1 1 1 1 1 37 1 11 1 1 1 19 1 653 1 1 1 1 1 1 1 47 1 1 1 1 1 1 1 1 1 1 1 1 1 1 1 1 1 35 1 1 1 9 1 1 1 673 1 1 1 1 1 51 1 1 1 1 1 1 1 1 1 1 1 1 1 1 1 33 1 1 1 9 1 1 1 673 1 1 1 1 1 1 1 49 1 1 1 1 1 1 1 1 1 1 1 1 1 1 1 31 1 1 1 9 1 1 1 1 1 663 1 7 1 1 1 1 1 49 1 1 1 1 1 1 1 1 1 1 1 1 1 1 1 1 1 29 1 1 1 11 1 1 1 663 1 7 1 1 1 1 1 1 1 47 1 1 1 1 1 1 1 1 1 1 1 1 1 1 1 1 1 27 1 1 1 13 1 1 1 661 1 7 1 1 1 1 1 49 1 1 1 1 1 1 1 1 1 1 1 1 1 1 1 29 1 15 1 545 1 115 1 7 1 1 1 1 1 1 1 47 1 1 1 1 1 1 1 1 1 1 1 1 1 1 1 1 1 25 1 15 1 545 1 1 1 113 1 7 1 1 1 1 1 51 1 1 1 1 1 1 1 1 1 1 1 1 1 25 1 15 1 539 1 5 1 1 1 113 1 7 1 1 1 1 1 1 1 47 1 1 1 1 1 1 1 1 1 1 1 1 1 1 1 1 1 37 1 1 1 537 1 5 1 1 1 113 1 7 1 1 1 1 1 49 1 1 1 1 1 1 1 1 1 1 1 1 1 1 1 39 1 537 1 5 1 1 1 113 1 7 1 1 1 1 1 1 1 49 1 1 1 1 1 1 1 1 1 1 1 1 1 37 1 1 1 535 1 5 1 1 1 5 1 107 1 7 1 1 1 1 1 49 1 1 1 1 1 1 1 1 1 1 1 1 1 1 1 37 1 535 1 5 1 1 1 5 1 115 1 1 1 1 1 1 1 49 1 1 1 1 1 1 1 1 1 1 1 1 1 35 1 1 1 533 1 5 1 1 1 121 1 1 1 1 1 49 1 1 1 1 1 1 1 1 1 1 1 1 1 1 1 15 1 17 1 1 1 533 1 7 1 121 1 1 1 1 1 1 1 49 1 1 1 1 1 1 1 1 1 1 1 1 1 1 1 11 1 17 1 1 1 533 1 115 1 13 1 1 1 1 1 1 1 49 1 1 1 1 1 1 1 1 1 1 1 1 1 11 1 19 1 535 1 113 1 13 1 1 1 1 1 1 1 49 1 1 1 1 1 1 1 1 1 1 1 1 1 9 1 19 1 1 1 527 1 5 1 1 1 111 1 13 1 1 1 1 1 49 1 1 1 1 1 1 1 1 1 1 1 1 1 1 1 1 1 5 1 19 1 1 1 527 1 1 1 3 1 1 1 111 1 13 1 1 1 53 1 1 1 1 1 1 1 1 1 1 1 1 1 5 1 19 1 1 1 527 1 1 1 3 1 1 1 5 1 1 1 103 1 13 1 53 1 1 1 1 1 1 1 1 1 1 1 1 1 5 1 21 1 527 1 1 1 3 1 1 1 5 1 1 1 103 1 67 1 1 1 1 1 1 1 1 1 1 1 27 1 1 1 525 1 1 1 3 1 1 1 5 1 1 1 103 1 13 1 1 1 1 1 1 1 63 1 1 1 1 1 19 1 653 1 1 1 1 1 1 1 1 1 63 1 1 1 1 1 673 1 1 1 1 1 1 1 1 1 1 1 59 1 1 1 1 1 21 1 1 1 539 1 1 1 107 1 1 1 1 1 1 1 1 1 59 1 3 1 23 1 541 1 107 1 1 1 1 1 1 1 1 1 1 1 55 1 3 1 23 1 541 1 111 1 1 1 1 1 59 1 23 1 653 1 1 1 1 1 1 1 79 1 653 1 1 1 1 1 45 1 33 1 653 1 1 1 1 1 1 1 41 1 11 1 21 1 653 1 1 1 1 1 41 1 11 1 1 1 19 1 1 1 651 1 1 1 1 1 1 1 37 1 1 1 9 1 1 1 19 1 1 1 651 1 1 1 1 1 37 1 1 1 9 1 1 1 1 1 17 1 1 1 651 1 1 1 1 1 1 1 33 1 1 1 9 1 1 1 1 1 19 1 651 1 1 1 1 1 33 1 1 1 9 1 1 1 1 1 19 1 1 1 641 1 7 1 1 1 1 1 1 1 29 1 1 1 9 1 1 1 1 1 1 1 19 1 641 1 7 1 1 1 1 1 29 1 1 1 11 1 1 1 1 1 19 1 525 1 115 1 7 1 1 1 1 1 1 1 27 1 13 1 1 1 19 1 1 1 523 1 1 1 113 1 7 1 1 1 1 1 27 1 13 1 1 1 21 1 523 1 1 1 113 1 7 1 1 1 1 1 1 1 23 1 15 1 1 1 19 1 517 1 5 1 1 1 113 1 7 1 1 1 1 1 39 1 1 1 537 1 5 1 1 1 5 1 107 1 7 1 1 1 1 1 1 1 35 1 1 1 1 1 19 1 1 1 513 1 5 1 1 1 5 1 107 1 7 1 1 1 1 1 37 1 1 1 21 1 513 1 5 1 1 1 5 1 107 1 7 1 1 1 1 1 1 1 33 1 1 1 1 1 19 1 1 1 511 1 5 1 1 1 5 1 115 1 1 1 1 1 17 1 17 1 1 1 19 1 1 1 511 1 5 1 1 1 5 1 115 1 1 1 1 1 1 1 13 1 17 1 1 1 19 1 1 1 1 1 509 1 7 1 5 1 101 1 13 1 1 1 1 1 13 1 17 1 1 1 23 1 509 1 115 1 13 1 1 1 1 1 1 1 9 1 17 1 1 1 1 1 21 1 511 1 113 1 13 1 1 1 1 1 9 1 19 1 1 1 21 1 511 1 1 1 111 1 13 1 1 1 1 1 1 1 5 1 19 1 1 1 21 1 1 1 503 1 1 1 3 1 1 1 5 1 105 1 13 1 1 1 1 1 5 1 19 1 1 1 1 1 21 1 503 1 1 1 3 1 1 1 5 1 1 1 103 1 13 1 1 1 5 1 19 1 1 1 1 1 21 1 503 1 1 1 3 1 1 1 5 1 1 1 103 1 13 1 27 1 1 1 23 1 501 1 1 1 3 1 1 1 5 1 1 1 103 1 39 1 1 1 23 1 501 1 1 1 3 1 1 1 5 1 1 1 103 1 13 1 9 1 1 1 1 1 17 1 1 1 1 1 19 1 637 1 1 1 1 1 1 1 17 1 1 1 1 1 19 1 503 1 115 1 23 1 1 1 1 1 21 1 1 1 17 1 491 1 1 1 111 1 13 1 1 1 19 1 1 1 1 1 19 1 1 1 17 1 1 1 497 1 1 1 3 1 103 1 1 1 1 1 19 1 1 1 21 1 1 1 17 1 1 1 23 1 473 1 1 1 107 1 1 1 19 1 1 1 1 1 19 1 1 1 17 1 1 1 25 1 1 1 1 1 467 1 1 1 3 1 103 1 3 1 1 1 17 1 1 1 1 1 19 1 1 1 19 1 1 1 25 1 479 1 99 1 1 1 15 1 1 1 1 1 19 1 1 1 19 1 1 1 1 1 23 1 1 1 477 1 99 1 17 1 1 1 1 1 17 1 1 1 1 1 17 1 1 1 1 1 1 1 23 1 569 1 7 1 17 1 1 1 1 1 1 1 15 1 1 1 1 1 19 1 1 1 1 1 23 1 451 1 1 1 5 1 5 1 3 1 7 1 89 1 7 1 17 1 1 1 1 1 1 1 15 1 1 1 1 1 21 1 1 1 1 1 21 1 443 1 5 1 1 1 5 1 5 1 3 1 1 1 95 1 7 1 17 1 1 1 1 1 1 1 15 1 1 1 1 1 19 1 1 1 1 1 1 1 21 1 1 1 439 1 5 1 1 1 5 1 5 1 5 1 103 1 17 1 1 1 1 1 1 1 15 1 1 1 1 1 19 1 1 1 1 1 1 1 19 1 1 1 1 1 19 1 417 1 1 1 1 1 9 1 11 1 89 1 13 1 19 1 1 1 1 1 15 1 1 1 1 1 21 1 1 1 1 1 19 1 1 1 1 1 437 1 1 1 5 1 1 1 103 1 33 1 1 1 17 1 1 1 23 1 1 1 23 1 437 1 1 1 5 1 1 1 103 1 13 1 21 1 1 1 17 1 1 1 23 1 1 1 21 1 449 1 1 1 3 1 103 1 1 1 1 1 19 1 1 1 17 1 1 1 23 1 1 1 1 1 1 1 19 1 447 1 1 1 3 1 103 1 3 1 19 1 1 1 17 1 1 1 1 1 1 1 19 1 1 1 1 1 1 1 17 1 1 1 21 1 1 1 23 1 397 1 1 1 3 1 5 1 1 1 5 1 89 1 3 1 19 1 1 1 17 1 1 1 1 1 1 1 23 1 1 1 17 1 1 1 455 1 1 1 99 1 17 1 1 1 1 1 17 1 1 1 1 1 1 1 21 1 1 1 1 1 17 1 1 1 449 1 97 1 7 1 17 1 1 1 1 1 19 1 1 1 1 1 21 1 1 1 1 1 19 1 429 1 1 1 5 1 5 1 3 1 7 1 89 1 7 1 1 1 15 1 1 1 1 1 19 1 1 1 1 1 1 1 19 1 1 1 1 1 19 1 421 1 5 1 1 1 5 1 5 1 3 1 1 1 5 1 89 1 7 1 1 1 15 1 1 1 1 1 19 1 1 1 1 1 1 1 19 1 1 1 21 1 419 1 5 1 1 1 5 1 5 1 3 1 1 1 103 1 15 1 1 1 1 1 19 1 1 1 1 1 1 1 19 1 1 1 1 1 439 1 5 1 1 1 5 1 5 1 5 1 103 1 15 1 1 1 1 1 19 1 1 1 1 1 1 1 19 1 1 1 1 1 19 1 431 1 11 1 89 1 13 1 15 1 1 1 1 1 21 1 1 1 1 1 19 1 1 1 1 1 19 1 417 1 1 1 5 1 1 1 103 1 29 1 1 1 23 1 1 1 21 1 1 1 21 1 415 1 1 1 5 1 1 1 117 1 17 1 1 1 23 1 1 1 1 1 19 1 1 1 19 1 427 1 1 1 3 1 103 1 19 1 1 1 23 1 1 1 1 1 1 1 17 1 1 1 23 1 423 1 1 1 3 1 103 1 3 1 17 1 1 1 1 1 1 1 23 1 1 1 17 1 1 1 23 1 431 1 1 1 99 1 17 1 1 1 1 1 1 1 21 1 1 1 1 1 15 1 1 1 1 1 1 1 21 1 425 1 97 1 7 1 19 1 1 1 1 1 21 1 1 1 1 1 19 1 23 1 1 1 403 1 13 1 3 1 7 1 1 1 87 1 7 1 19 1 1 1 1 1 1 1 19 1 1 1 1 1 19 1 1 1 23 1 401 1 1 1 5 1 5 1 3 1 1 1 5 1 1 1 95 1 19 1 1 1 1 1 1 1 19 1 1 1 1 1 17 1 1 1 1 1 23 1 401 1 5 1 5 1 5 1 103 1 19 1 1 1 1 1 1 1 19 1 1 1 1 1 17 1 1 1 1 1 23 1 405 1 11 1 89 1 13 1 21 1 1 1 1 1 19 1 1 1 1 1 17 1 1 1 1 1 23 1 391 1 7 1 1 1 103 1 35 1 1 1 21 1 1 1 19 1 1 1 25 1 397 1 1 1 117 1 23 1 1 1 1 1 19 1 1 1 19 1 25 1 401 1 1 1 3 1 103 1 25 1 1 1 1 1 1 1 17 1 1 1 19 1 1 1 1 1 23 1 399 1 1 1 3 1 5 1 7 1 5 1 83 1 3 1 1 1 21 1 1 1 1 1 19 1 23 1 23 1 399 1 3 1 5 1 1 1 99 1 1 1 23 1 1 1 17 1 1 1 1 1 19 1 1 1 1 1 21 1 407 1 1 1 7 1 91 1 1 1 21 1 1 1 1 1 15 1 1 1 1 1 19 1 1 1 1 1 21 1 1 1 407 1 7 1 91 1 21 1 1 1 1 1 15 1 1 1 1 1 1 1 21 1 23 1 415 1 91 1 21 1 1 1 1 1 17 1 1 1 1 1 19 1 1 1 1 1 1 1 19 1 1 1 393 1 3 1 7 1 1 1 5 1 89 1 1 1 19 1 1 1 1 1 17 1 1 1 1 1 21 1 1 1 1 1 21 1 1 1 375 1 1 1 5 1 5 1 3 1 1 1 5 1 1 1 95 1 1 1 19 1 1 1 1 1 17 1 1 1 1 1 21 1 1 1 21 1 1 1 1 1 1 1 373 1 5 1 5 1 3 1 1 1 5 1 97 1 19 1 1 1 1 1 17 1 1 1 1 1 21 1 1 1 1 1 21 1 1 1 1 1 1 1 377 1 5 1 5 1 5 1 97 1 19 1 1 1 1 1 17 1 1 1 1 1 21 1 1 1 1 1 23 1 1 1 1 1 387 1 103 1 19 1 1 1 1 1 17 1 1 1 1 1 21 1 1 1 1 1 27 1 369 1 1 1 137 1 1 1 19 1 1 1 23 1 1 1 29 1 367 1 1 1 117 1 1 1 19 1 1 1 19 1 1 1 1 1 21 1 1 1 399 1 1 1 3 1 23 1 79 1 3 1 1 1 17 1 1 1 19 1 1 1 1 1 21 1 1 1 399 1 1 1 3 1 13 1 5 1 3 1 79 1 3 1 17 1 1 1 19 1 1 1 1 1 1 1 21 1 1 1 397 1 1 1 3 1 5 1 7 1 5 1 3 1 79 1 21 1 21 1 1 1 1 1 21 1 1 1 47 1 349 1 1 1 3 1 5 1 1 1 5 1 5 1 7 1 79 1 17 1 1 1 1 1 19 1 1 1 1 1 21 1 1 1 21 1 383 1 1 1 7 1 91 1 15 1 1 1 1 1 1 1 19 1 1 1 1 1 19 1 1 1 1 1 21 1 1 1 375 1 5 1 7 1 91 1 15 1 1 1 1 1 1 1 19 1 1 1 1 1 1 1 17 1 1 1 1 1 1 1 21 1 369 1 3 1 7 1 1 1 3 1 1 1 89 1 17 1 1 1 1 1 19 1 1 1 1 1 1 1 21 1 1 1 21 1 361 1 5 1 3 1 1 1 5 1 1 1 5 1 89 1 17 1 1 1 1 1 21 1 1 1 1 1 19 1 1 1 1 1 1 1 1 1 1 1 15 1 1 1 1 1 355 1 11 1 5 1 97 1 17 1 1 1 1 1 21 1 1 1 1 1 21 1 1 1 1 1 1 1 1 1 19 1 19 1 345 1 103 1 17 1 1 1 1 1 21 1 1 1 1 1 27 1 1 1 19 1 485 1 1 1 23 1 1 1 27 1 1 1 21 1 347 1 117 1 19 1 1 1 1 1 21 1 1 1 399 1 27 1 1 1 101 1 1 1 1 1 21 1 1 1 1 1 397 1 1 1 3 1 13 1 5 1 3 1 83 1 1 1 19 1 1 1 1 1 21 1 1 1 21 1 23 1 361 1 7 1 91 1 1 1 19 1 1 1 1 1 19 1 1 1 1 1 19 1 1 1 1 1 23 1 357 1 7 1 9 1 81 1 19 1 1 1 1 1 19 1 1 1 1 1 1 1 19 1 1 1 23 1 357 1 7 1 1 1 7 1 81 1 19 1 1 1 1 1 1 1 17 1 1 1 1 1 1 1 1 1 17 1 1 1 1 1 21 1 345 1 3 1 7 1 1 1 3 1 1 1 89 1 19 1 1 1 1 1 1 1 19 1 1 1 1 1 1 1 19 1 23 1 343 1 3 1 1 1 5 1 1 1 5 1 89 1 21 1 1 1 1 1 19 1 1 1 1 1 1 1 1 1 1 1 13 1 1 1 1 1 1 1 1 1 17 1 1 1 345 1 5 1 97 1 21 1 1 1 1 1 21 1 1 1 1 1 1 1 1 1 13 1 1 1 1 1 1 1 1 1 17 1 1 1 447 1 21 1 1 1 1 1 23 1 1 1 1 1 1 1 17 1 1 1 1 1 15 1 1 1 469 1 1 1 27 1 1 1 19 1 1 1 17 1 1 1 445 1 1 1 21 1 1 1 427 1 1 1 7 1 1 1 73 1 21 1 1 1 1 1 403 1 13 1 5 1 1 1 1 1 9 1 1 1 71 1 19 1 1 1 1 1 47 1 351 1 3 1 5 1 7 1 5 1 3 1 3 1 5 1 1 1 71 1 21 1 1 1 23 1 21 1 1 1 1 1 15 1 1 1 13 1 319 1 5 1 1 1 5 1 5 1 7 1 7 1 71 1 21 1 1 1 21 1 1 1 19 1 1 1 1 1 1 1 15 1 15 1 325 1 7 1 91 1 1 1 17 1 1 1 1 1 1 1 17 1 1 1 1 1 1 1 19 1 1 1 1 1 15 1 15 1 323 1 3 1 3 1 1 1 7 1 81 1 1 1 17 1 1 1 1 1 1 1 1 1 15 1 1 1 1 1 1 1 21 1 1 1 15 1 15 1 315 1 7 1 1 1 3 1 1 1 7 1 81 1 17 1 1 1 1 1 1 1 1 1 17 1 1 1 1 1 21 1 1 1 15 1 15 1 315 1 7 1 1 1 5 1 89 1 17 1 1 1 1 1 1 1 1 1 1 1 15 1 1 1 1 1 19 1 1 1 1 1 15 1 15 1 313 1 1 1 5 1 1 1 5 1 89 1 19 1 1 1 1 1 1 1 1 1 1 1 13 1 1 1 1 1 1 1 1 1 15 1 1 1 1 1 345 1 5 1 19 1 9 1 67 1 21 1 1 1 1 1 1 1 1 1 13 1 1 1 1 1 1 1 1 1 15 1 1 1 1 1 447 1 23 1 1 1 1 1 1 1 17 1 1 1 1 1 15 1 1 1 1 1 11 1 459 1 1 1 19 1 1 1 17 1 1 1 11 1 433 1 81 1 343 1 1 1 1 1 7 1 1 1 73 1 81 1 335 1 5 1 1 1 1 1 3 1 3 1 1 1 1 1 117 1 1 1 17 1 15 1 325 1 1 1 5 1 5 1 3 1 3 1 7 1 71 1 21 1 1 1 1 1 17 1 1 1 1 1 1 1 13 1 1 1 1 1 11 1 1 1 1 1 323 1 7 1 9 1 1 1 79 1 1 1 17 1 1 1 1 1 1 1 17 1 1 1 1 1 1 1 13 1 1 1 1 1 11 1 1 1 1 1 329 1 1 1 7 1 81 1 1 1 17 1 1 1 1 1 1 1 19 1 1 1 1 1 13 1 1 1 13 1 1 1 323 1 1 1 3 1 1 1 7 1 81 1 1 1 15 1 1 1 1 1 1 1 19 1 1 1 1 1 13 1 1 1 1 1 11 1 1 1 1 1 321 1 1 1 3 1 1 1 7 1 81 1 1 1 1 1 15 1 1 1 1 1 1 1 17 1 1 1 1 1 13 1 1 1 13 1 1 1 321 1 1 1 5 1 11 1 9 1 67 1 1 1 1 1 13 1 1 1 1 1 1 1 1 1 15 1 1 1 1 1 1 1 13 1 15 1 321 1 1 1 5 1 11 1 7 1 1 1 5 1 1 1 59 1 1 1 1 1 13 1 1 1 1 1 1 1 1 1 15 1 1 1 1 1 13 1 15 1 341 1 9 1 5 1 1 1 59 1 1 1 13 1 1 1 1 1 1 1 1 1 17 1 1 1 371 1 9 1 5 1 1 1 59 1 1 1 13 1 1 1 1 1 1 1 1 1 15 1 1 1 1 1 369 1 9 1 5 1 1 1 59 1 13 1 1 1 1 1 1 1 1 1 15 1 1 1 1 1 387 1 59 1 17 1 1 1 1 1 15 1 1 1 1 1 11 1 367 1 1 1 81 1 1 1 17 1 1 1 11 1 369 1 63 1 1 1 17 1 1 1 1 1 1 1 13 1 1 1 1 1 11 1 1 1 1 1 323 1 7 1 9 1 1 1 79 1 1 1 17 1 1 1 1 1 1 1 13 1 1 1 1 1 11 1 1 1 1 1 329 1 1 1 7 1 81 1 19 1 1 1 1 1 15 1 1 1 11 1 1 1 1 1 329 1 1 1 7 1 81 1 19 1 1 1 1 1 13 1 1 1 1 1 11 1 1 1 1 1 321 1 1 1 3 1 1 1 7 1 81 1 1 1 17 1 1 1 1 1 13 1 1 1 13 1 1 1 321 1 1 1 5 1 11 1 7 1 1 1 5 1 61 1 1 1 1 1 15 1 1 1 1 1 13 1 15 1 341 1 7 1 1 1 5 1 1 1 59 1 1 1 15 1 1 1 1 1 29 1 5 1 335 1 7 1 1 1 5 1 1 1 59 1 17 1 1 1 1 1 33 1 335 1 9 1 5 1 1 1 59 1 15 1 1 1 1 1 33 1 335 1 11 1 3 1 1 1 59 1 15 1 1 1 1 1 11 1 367 1 1 1 5 1 73 1 1 1 11 1 21 1 55 1 289 1 1 1 5 1 57 1 1 1 15 1 1 1 13 1 1 1 21 1 1 1 1 1 1 1 1 1 1 1 1 1 289 1 1 1 5 1 5 1 7 1 7 1 71 1 1 1 13 1 1 1 1 1 11 1 1 1 1 1 23 1 1 1 1 1 1 1 1 1 1 1 1 1 287 1 7 1 3 1 7 1 7 1 71 1 13 1 1 1 1 1 11 1 1 1 1 1 31 1 1 1 1 1 295 1 9 1 1 1 79 1 13 1 1 1 1 1 11 1 1 1 1 1 35 1 1 1 1 1 289 1 9 1 81 1 13 1 1 1 1 1 11 1 1 1 1 1 37 1 1 1 1 1 1 1 277 1 1 1 5 1 7 1 81 1 13 1 1 1 13 1 1 1 45 1 1 1 1 1 1 1 269 1 7 1 11 1 7 1 1 1 5 1 1 1 59 1 13 1 15 1 5 1 45 1 1 1 1 1 285 1 7 1 1 1 5 1 1 1 59 1 13 1 19 1 47 1 1 1 1 1 1 1 1 1 279 1 7 1 1 1 1 1 1 1 1 1 1 1 1 1 3 1 53 1 11 1 19 1 1 1 53 1 1 1 289 1 1 1 3 1 1 1 3 1 63 1 21 1 55 1 289 1 1 1 5 1 57 1 13 1 1 1 21 1 1 1 1 1 1 1 1 1 1 1 1 1 1 1 309 1 7 1 71 1 11 1 1 1 1 1 27 1 1 1 1 1 1 1 1 1 1 1 1 1 291 1 9 1 1 1 23 1 19 1 35 1 11 1 1 1 1 1 31 1 1 1 1 1 1 1 1 1 1 1 1 1 285 1 9 1 25 1 3 1 1 1 49 1 11 1 1 1 1 1 35 1 1 1 1 1 1 1 1 1 1 1 1 1 281 1 7 1 31 1 61 1 1 1 41 1 1 1 1 1 1 1 1 1 1 1 1 1 287 1 7 1 1 1 5 1 1 1 79 1 55 1 289 1 1 1 5 1 45 1 11 1 11 1 1 1 5 1 1 1 1 1 51 1 1 1 3 1 1 1 259 1 1 1 7 1 1 1 1 1 81 1 1 1 5 1 1 1 1 1 1 1 1 1 49 1 5 1 257 1 1 1 1 1 3 1 3 1 1 1 1 1 71 1 1 1 19 1 1 1 1 1 1 1 1 1 1 1 1 1 1 1 1 1 1 1 305 1 7 1 15 1 11 1 5 1 1 1 35 1 25 1 1 1 1 1 1 1 1 1 1 1 1 1 1 1 1 1 289 1 9 1 1 1 23 1 3 1 7 1 5 1 1 1 35 1 1 1 27 1 1 1 1 1 1 1 1 1 1 1 1 1 1 1 1 1 283 1 9 1 25 1 3 1 1 1 5 1 7 1 35 1 33 1 1 1 1 1 1 1 1 1 1 1 1 1 1 1 1 1 39 1 239 1 7 1 11 1 17 1 1 1 87 1 1 1 1 1 1 1 1 1 1 1 1 1 1 1 1 1 285 1 7 1 1 1 5 1 1 1 9 1 1 1 5 1 41 1 5 1 1 1 1 1 1 1 49 1 1 1 3 1 1 1 5 1 253 1 1 1 7 1 1 1 1 1 75 1 1 1 1 1 1 1 1 1 1 1 45 1 1 1 3 1 1 1 1 1 5 1 253 1 3 1 3 1 1 1 1 1 115 1 1 1 1 1 1 1 1 1 1 1 1 1 5 1 7 1 263 1 9 1 1 1 3 1 1 1 5 1 5 1 1 1 3 1 31 1 61 1 1 1 5 1 13 1 269 1 1 1 5 1 3 1 7 1 33 1 11 1 1 1 51 1 1 1 3 1 1 1 1 1 3 1 5 1 257 1 1 1 73 1 1 1 49 1 1 1 3 1 1 1 1 1 3 1 1 1 3 1 1 1 247 1 7 1 1 1 1 1 71 1 1 1 1 1 45 1 1 1 3 1 1 1 1 1 5 1 5 1 247 1 7 1 1 1 1 1 71 1 1 1 1 1 1 1 41 1 1 1 5 1 1 1 5 1 5 1 5 1 241 1 3 1 5 1 1 1 37 1 33 1 1 1 1 1 1 1 41 1 5 1 1 1 5 1 257 1 5 1 1 1 33 1 37 1 1 1 1 1 1 1 39 1 271 1 7 1 27 1 5 1 1 1 35 1 1 1 1 1 1 1 309 1 7 1 27 1 5 1 1 1 35 1 1 1 1 1 1 1 307 1 35 1 5 1 1 1 35 1 1 1 1 1 1 1 305 1 23 1 11 1 5 1 1 1 35 1 1 1 1 1 1 1 303 1 23 1 11 1 5 1 1 1 35 1 1 1 1 1 1 1 325 1 3 1 7 1 5 1 1 1 35 1 1 1 1 1 1 1 323 1 3 1 1 1 5 1 5 1 1 1 35 1 1 1 1 1 1 1 321 1 3 1 1 1 5 1 7 1 35 1 1 1 1 1 1 1 45 1 273 1 3 1 1 1 5 1 7 1 35 1 1 1 1 1 1 1 43 1 273 1 3 1 1 1 13 1 35 1 1 1 1 1 1 1 41 1 273 1 3 1 1 1 13 1 35 1 1 1 1 1 1 1 39 1 277 1 1 1 49 1 1 1 1 1 1 1 37 1 277 1 1 1 49 1 1 1 1 1 1 1 35 1 259 1 7 1 9 1 1 1 49 1 1 1 1 1 35 1 259 1 1 1 5 1 1 1 9 1 1 1 5 1 41 1 1 1 1 1 1 1 283 1 7 1 1 1 5 1 1 1 11 1 5 1 41 1 1 1 1 1 1 1 281 1 7 1 1 1 5 1 1 1 11 1 5 1 41 1 1 1 1 1 1 1 279 1 7 1 1 1 5 1 1 1 11 1 5 1 41 1 1 1 1 1 7 1 271 1 7 1 1 1 5 1 1 1 5 1 5 1 5 1 41 1 1 1 7 1 7 1 263 1 7 1 1 1 5 1 1 1 5 1 5 1 1 1 3 1 31 1 9 1 7 1 7 1 275 1 3 1 1 1 5 1 5 1 1 1 3 1 1 1 29 1 9 1 5 1 7 1 5 1 269 1 1 1 1 1 1 1 1 1 3 1 5 1 1 1 3 1 1 1 27 1 1 1 13 1 7 1 5 1 269 1 1 1 5 1 3 1 7 1 5 1 27 1 1 1 9 1 3 1 1 1 1 1 3 1 1 1 3 1 1 1 3 1 251 1 1 1 75 1 1 1 1 1 3 1 1 1 3 1 1 1 257 1 1 1 37 1 39 1 5 1 269 1 5 1 1 1 3 1 5 1 1 1 3 1 1 1 27 1 1 1 9 1 1 1 3 1 1 1 3 1 1 1 3 1 3 1 323 1 3 1 1 1 3 1 1 1 3 1 1 1 1 1 1 1 247 1 1 1 37 1 27 1 7 1 1 1 3 1 1 1 5 1 3 1 249 1 37 1 27 1 9 1 61 1 1 1 205 1 11 1 5 1 1 1 3 1 1 1 27 1 1 1 9 1 3 1 1 1 3 1 3 1 1 1 323 1 1 1 3 1 1 1 1 1 1 1 1 1 1 1 47 1 235 1 27 1 65 1 1 1 49 1 1 1 1 1 1 1 1 1 1 1 157 1 7 1 3 1 1 1 7 1 19 1 1 1 9 1 3 1 3 1 1 1 117 1 169 1 3 1 31 1 1 1 1 1 1 1 1 1 1 1 47 1 1 1 1 1 61 1 169 1 3 1 23 1 31 1 1 1 1 1 1 1 1 1 1 1 1 1 1 1 1 1 35 1 1 1 1 1 1 1 1 1 1 1 1 1 1 1 183 1 1 1 13 1 7 1 1 1 27 1 1 1 51 1 65 1 1 1 167 1 3 1 23 1 5 1 1 1 1 1 1 1 1 1 1 1 1 1 41 1 1 1 1 1 1 1 1 1 53 1 1 1 11 1 155 1 3 1 3 1 23 1 5 1 1 1 49 1 1 1 63 1 1 1 7 1 159 1 3 1 23 1 5 1 1 1 47 1 1 1 1 1 57 1 3 1 1 1 7 1 159 1 3 1 23 1 5 1 1 1 1 1 1 1 41 1 1 1 1 1 1 1 1 1 53 1 1 1 1 1 1 1 7 1 1 1 157 1 3 1 9 1 13 1 5 1 1 1 1 1 1 1 39 1 1 1 1 1 1 1 1 1 1 1 1 1 49 1 1 1 11 1 1 1 1 1 1 1 149 1 3 1 3 1 9 1 13 1 5 1 1 1 1 1 1 1 37 1 1 1 1 1 1 1 1 1 1 1 1 1 49 1 1 1 11 1 5 1 1 1 141 1 5 1 1 1 1 1 13 1 13 1 5 1 1 1 1 1 1 1 35 1 1 1 1 1 1 1 1 1 1 1 1 1 1 1 1 1 45 1 1 1 5 1 11 1 1 1 1 1 139 1 5 1 1 1 15 1 13 1 5 1 1 1 1 1 1 1 35 1 1 1 1 1 1 1 1 1 1 1 1 1 1 1 1 1 43 1 1 1 5 1 13 1 1 1 1 1 137 1 5 1 1 1 35 1 1 1 1 1 39 1 1 1 1 1 1 1 1 1 1 1 1 1 45 1 5 1 15 1 1 1 1 1 135 1 5 1 1 1 35 1 1 1 1 1 1 1 35 1 1 1 1 1 1 1 1 1 1 1 1 1 1 1 1 1 41 1 5 1 17 1 1 1 135 1 5 1 1 1 35 1 1 1 1 1 39 1 1 1 1 1 1 1 1 1 1 1 1 1 41 1 5 1 19 1 1 1 133 1 5 1 1 1 35 1 1 1 1 1 1 1 37 1 1 1 1 1 1 1 1 1 1 1 1 1 45 1 19 1 1 1 1 1 131 1 5 1 1 1 17 1 17 1 1 1 1 1 37 1 1 1 1 1 1 1 1 1 1 1 1 1 1 1 1 1 41 1 19 1 1 1 1 1 1 1 121 1 7 1 5 1 1 1 17 1 17 1 1 1 1 1 1 1 37 1 1 1 1 1 1 1 1 1 1 1 1 1 65 1 1 1 1 1 119 1 7 1 7 1 9 1 7 1 17 1 1 1 1 1 37 1 1 1 1 1 1 1 1 1 1 1 1 1 1 1 1 1 63 1 1 1 1 1 117 1 15 1 9 1 7 1 1 1 15 1 1 1 1 1 1 1 35 1 1 1 1 1 1 1 1 1 1 1 1 1 1 1 65 1 1 1 1 1 115 1 15 1 7 1 1 1 7 1 1 1 15 1 1 1 1 1 1 1 37 1 1 1 1 1 1 1 1 1 1 1 1 1 65 1 1 1 115 1 23 1 1 1 9 1 15 1 1 1 1 1 1 1 35 1 1 1 1 1 1 1 1 1 1 1 1 1 1 1 35 1 29 1 1 1 1 1 135 1 1 1 9 1 15 1 1 1 1 1 1 1 37 1 1 1 1 1 1 1 1 1 1 1 35 1 33 1 135 1 1 1 1 1 23 1 1 1 1 1 1 1 35 1 1 1 1 1 1 1 1 1 1 1 1 1 1 1 31 1 33 1 1 1 133 1 1 1 1 1 23 1 1 1 1 1 1 1 35 1 1 1 1 1 1 1 1 1 1 1 1 1 31 1 35 1 1 1 117 1 13 1 1 1 1 1 23 1 1 1 1 1 1 1 37 1 1 1 1 1 1 1 1 1 1 1 1 1 27 1 35 1 1 1 1 1 115 1 13 1 1 1 1 1 23 1 1 1 1 1 1 1 35 1 1 1 1 1 1 1 1 1 1 1 1 1 27 1 1 1 33 1 1 1 1 1 1 1 113 1 13 1 3 1 23 1 1 1 1 1 37 1 1 1 1 1 1 1 1 1 1 1 1 1 1 1 25 1 39 1 113 1 17 1 13 1 9 1 1 1 37 1 1 1 1 1 1 1 1 1 1 1 1 1 1 1 1 1 23 1 39 1 1 1 1 1 109 1 17 1 13 1 9 1 1 1 39 1 1 1 1 1 1 1 1 1 1 1 1 1 23 1 153 1 1 1 15 1 1 1 11 1 9 1 39 1 1 1 1 1 1 1 1 1 1 1 1 1 1 1 1 1 19 1 43 1 1 1 1 1 105 1 1 1 15 1 1 1 9 1 1 1 53 1 1 1 1 1 1 1 1 1 1 1 1 1 1 1 1 1 61 1 1 1 1 1 1 1 5 1 89 1 5 1 7 1 9 1 9 1 1 1 9 1 1 1 1 1 1 1 53 1 1 1 1 1 1 1 7 1 1 1 1 1 1 1 153 1 3 1 9 1 13 1 5 1 1 1 1 1 1 1 51 1 1 1 1 1 1 1 7 1 1 1 1 1 1 1 1 1 151 1 3 1 9 1 13 1 5 1 1 1 1 1 1 1 49 1 1 1 3 1 7 1 1 1 1 1 1 1 1 1 1 1 145 1 3 1 3 1 9 1 13 1 5 1 1 1 1 1 1 1 47 1 1 1 11 1 1 1 1 1 1 1 1 1 1 1 1 1 143 1 3 1 13 1 13 1 5 1 1 1 1 1 1 1 45 1 1 1 5 1 5 1 1 1 1 1 1 1 1 1 1 1 1 1 137 1 5 1 1 1 15 1 19 1 1 1 1 1 45 1 1 1 5 1 11 1 1 1 1 1 1 1 1 1 135 1 5 1 1 1 15 1 19 1 1 1 1 1 1 1 41 1 1 1 5 1 13 1 1 1 1 1 1 1 1 1 133 1 5 1 1 1 35 1 1 1 1 1 43 1 5 1 15 1 1 1 1 1 1 1 133 1 5 1 1 1 35 1 1 1 1 1 1 1 39 1 5 1 15 1 1 1 1 1 1 1 1 1 1 1 129 1 5 1 1 1 17 1 17 1 1 1 1 1 45 1 19 1 1 1 1 1 1 1 129 1 5 1 1 1 17 1 17 1 1 1 1 1 1 1 41 1 19 1 1 1 1 1 1 1 1 1 1 1 125 1 5 1 1 1 17 1 17 1 1 1 1 1 61 1 1 1 1 1 1 1 1 1 1 1 133 1 9 1 7 1 1 1 15 1 1 1 1 1 1 1 59 1 1 1 1 1 1 1 1 1 1 1 131 1 9 1 7 1 1 1 15 1 1 1 1 1 63 1 1 1 1 1 1 1 1 1 137 1 1 1 7 1 1 1 15 1 1 1 1 1 37 1 23 1 1 1 1 1 1 1 1 1 1 1 135 1 1 1 7 1 1 1 15 1 1 1 1 1 35 1 27 1 1 1 1 1 1 1 1 1 133 1 1 1 9 1 15 1 1 1 1 1 33 1 27 1 1 1 1 1 1 1 1 1 1 1 131 1 1 1 1 1 7 1 15 1 1 1 1 1 1 1 29 1 33 1 1 1 1 1 1 1 1 1 127 1 1 1 1 1 23 1 1 1 1 1 1 1 27 1 1 1 31 1 1 1 1 1 1 1 1 1 1 1 111 1 13 1 1 1 1 1 23 1 1 1 1 1 27 1 1 1 33 1 1 1 1 1 1 1 1 1 111 1 13 1 3 1 23 1 1 1 1 1 1 1 25 1 33 1 1 1 1 1 1 1 1 1 1 1 1 1 107 1 13 1 3 1 23 1 1 1 1 1 25 1 37 1 1 1 1 1 1 1 1 1 107 1 17 1 13 1 9 1 1 1 1 1 1 1 21 1 39 1 1 1 1 1 1 1 1 1 1 1 103 1 17 1 1 1 11 1 9 1 1 1 1 1 1 1 19 1 41 1 1 1 1 1 1 1 1 1 121 1 1 1 11 1 9 1 1 1 1 1 1 1 17 1 41 1 1 1 1 1 1 1 1 1 1 1 1 1 101 1 7 1 9 1 9 1 1 1 9 1 1 1 1 1 1 1 15 1 45 1 1 1 1 1 1 1 1 1 101 1 7 1 9 1 9 1 1 1 9 1 1 1 1 1 1 1 61 1 1 1 1 1 1 1 3 1 1 1 103 1 9 1 9 1 1 1 9 1 1 1 1 1 61 1 1 1 1 1 1 1 3 1 1 1 103 1 9 1 9 1 1 1 9 1 1 1 65 1 1 1 3 1 1 1 103 1 9 1 9 1 11 1 67 1 3 1 1 1 103 1 9 1 9 1 77 1 3 1 1 1 103 1 9 1 9 1 11 1 1 1 1 1 7 1 1 1 1 1 1 1 1 1 1 1 1 1 147 1 3 1 9 1 13 1 9 1 5 1 1 1 1 1 1 1 1 1 1 1 1 1 1 1 135 1 5 1 1 1 15 1 19 1 7 1 1 1 161 1 23 1 11 1 1 1 1 1 159 1 9 1 13 1 15 1 1 1 1 1 1 1 1 1 1 1 1 1 1 1 135 1 1 1 17 1 43 1 1 1 1 1 1 1 1 1 1 1 1 1 1 1 127 1 1 1 1 1 7 1 49 1 1 1 1 1 1 1 1 1 1 1 1 1 1 1 1 1 119 1 1 1 21 1 1 1 1 1 1 1 1 1 153 1 9 1 13 1 5 1 1 1 1 1 1 1 153 1 9 1 19 1 1 1 1 1 1 1 161 1 19 1 1 1 1 1 161 1 19 1 1 1 1 1 159 1 19 1 1 1 1 1 157 1 19 1 1 1 1 1 155 1 19 1 1 1 1 1 1 1 153 1 17 1 1 1 1 1 1 1 151 1 17 1 1 1 1 1 1 1 149 1 1 1 15 1 1 1 1 1 1 1 139 1 7 1 1 1 15 1 1 1 1 1 1 1 137 1 7 1 1 1 15 1 1 1 1 1 135 1 1 1 7 1 1 1 15 1 1 1 1 1 133 1 1 1 7 1 1 1 15 1 1 1 1 1 131 1 1 1 9 1 15 1 1 1 1 1 129 1 1 1 1 1 7 1 15 1 1 1 1 1 1 1 125 1 1 1 1 1 7 1 15 1 1 1 1 1 1 1 123 1 1 1 1 1 23 1 1 1 1 1 1 1 121 1 3 1 23 1 1 1 1 1 1 1 123 1 23 1 1 1 1 1 1 1 121 1 1 1 21 1 1 1 1 1 1 1 119 1 1 1 21 1 1 1 1 1 1 1 117 1 1 1 21 1 1 1 1 1 119 1 21 1 1 1 3 1 1 1 113 1 21 1 3 1 1 1 113 1 25 1 103 1 9 1 159 1 103 1 9 1 123 1 9 1 21 1 3 1 1 1 5 1 1 1 119 1 1 1 5 1 1 1 121 1 1 1 5 1 115 1 5 1 1 1 103 1 17 1 1 1 103 1 13 1 5 1 5 1 3 1 1 1 95 1 11 1 5 1 3 1 1 1 95 1 7 1 103 1 115 1 17 1 3 1 1 1 5 1 89 1 7 1 3 1 103 1 5 1 5 1 97 1 5 1 1 1 5 1 1 1 87 1 11 1 7 1 89 1 3 1 5 1 1 1 5 1 81 1 11 1 97 1 5 1 5 1 93 1 11 1 79 1 5 1 93 1 93 1 3 1 3 1 5 1 1 1 79 1 87 1 83 1 3 1 5 1 1 1 71 1 7 1 1 1 1 1 73 1 3 1 1 1 1 1 155 1 1 1 77 1 1 1 5 1 1 1 59 1 1 1 71 1 141 1 5 1 1 1 11 1 5 1 45 1 1 1 11 1 47 1 5 1 3 1 7 1 33 1 15 1 3 1 53 1 11 1 5 1 45 1 5 1 5 1 43 1 7 1 33 1 13 1 1 1 5 1 5 1 1 1 39 1 1 1 3 1 1 1 27 1 1 1 9 1 5 1 7 1 47 1 39 1 31 1 11 1 1 1 27 1 1 1 13 1 1 1 35 1 29 1 35 1 1 1 9 1 71 1 23 1 13 1 9 1 33 1 5 1 1 1 7 1 15 1 5 1 1 1 45 1 29 1 41 1 -194009 -871 -12 1 -2
1 1 64 -55 1 -12 5 -6 2 -1 1 8 1 3 4254 3925 -8176 190076 1 138 -1 -23041 -1 24195 -1 -49670 1 42907 1 -37864 -1 47619 -1 -194374 1 1 1 61 1 1 1 1 1 59 1 1 1 749 1 1 1 1 1 59 1 1 1 1 1 1 1 57 1 1 1 1 1 747 1 1 1 1 1 57 1 1 1 1 1 1 1 1 1 57 1 1 1 1 1 745 1 1 1 1 1 57 1 1 1 1 1 1 1 1 1 57 1 1 1 1 1 745 1 1 1 57 1 1 1 1 1 1 1 1 1 57 1 1 1 1 1 743 1 1 1 57 1 1 1 1 1 1 1 1 1 57 1 1 1 1 1 741 1 1 1 57 1 1 1 1 1 1 1 1 1 57 1 1 1 1 1 739 1 1 1 57 1 1 1 1 1 1 1 1 1 57 1 1 1 1 1 737 1 1 1 57 1 1 1 1 1 1 1 1 1 57 1 1 1 1 1 735 1 1 1 57 1 1 1 1 1 1 1 1 1 57 1 1 1 1 1 733 1 1 1 57 1 1 1 1 1 1 1 1 1 57 1 1 1 1 1 731 1 1 1 57 1 1 1 1 1 1 1 1 1 57 1 1 1 1 1 729 1 1 1 57 1 1 1 1 1 1 1 1 1 57 1 1 1 1 1 727 1 1 1 57 1 1 1 1 1 1 1 1 1 57 1 1 1 1 1 725 1 1 1 57 1 1 1 1 1 1 1 1 1 57 1 1 1 1 1 723 1 1 1 57 1 1 1 1 1 1 1 1 1 57 1 1 1 1 1 721 1 1 1 57 1 1 1 1 1 1 1 1 1 57 1 1 1 1 1 719 1 1 1 57 1 1 1 1 1 1 1 1 1 57 1 1 1 1 1 717 1 1 1 57 1 1 1 1 1 1 1 1 1 57 1 1 1 1 1 715 1 1 1 57 1 1 1 1 1 1 1 1 1 57 1 1 1 1 1 713 1 1 1 57 1 1 1 1 1 1 1 1 1 57 1 1 1 1 1 711 1 1 1 57 1 1 1 1 1 1 1 1 1 57 1 1 1 1 1 709 1 1 1 57 1 1 1 1 1 1 1 1 1 57 1 1 1 1 1 707 1 1 1 57 1 1 1 1 1 1 1 1 1 57 1 1 1 1 1 705 1 1 1 57 1 1 1 1 1 1 1 1 1 57 1 1 1 1 1 703 1 1 1 57 1 1 1 1 1 1 1 1 1 57 1 1 1 1 1 701 1 1 1 57 1 1 1 1 1 1 1 1 1 57 1 1 1 1 1 699 1 1 1 57 1 1 1 1 1 1 1 1 1 57 1 1 1 1 1 697 1 1 1 57 1 1 1 1 1 1 1 1 1 57 1 1 1 1 1 695 1 1 1 57 1 1 1 1 1 1 1 1 1 57 1 1 1 1 1 559 1 1 1 131 1 1 1 57 1 1 1 1 1 1 1 59 1 1 1 559 1 1 1 131 1 59 1 1 1 1 1 61 1 1 1 1 1 555 1 1 1 191 1 1 1 61 1 1 1 1 1 555 1 1 1 5 1 7 1 117 1 1 1 59 1 1 1 1 1 67 1 679 1 1 1 1 1 57 1 1 1 1 1 1 1 65 1 679 1 1 1 1 1 55 1 1 1 1 1 1 1 1 1 745 1 1 1 55 1 1 1 1 1 1 1 1 1 743 1 1 1 55 1 1 1 1 1 1 1 1 1 741 1 1 1 55 1 1 1 1 1 1 1 1 1 739 1 1 1 55 1 1 1 1 1 1 1 1 1 737 1 1 1 55 1 1 1 1 1 1 1 1 1 735 1 1 1 55 1 1 1 1 1 1 1 1 1 733 1 1 1 55 1 1 1 1 1 1 1 1 1 731 1 1 1 55 1 1 1 1 1 1 1 1 1 41 1 687 1 1 1 55 1 1 1 1 1 1 1 1 1 39 1 687 1 1 1 55 1 1 1 1 1 1 1 1 1 37 1 687 1 1 1 55 1 1 1 1 1 1 1 1 1 37 1 685 1 1 1 55 1 1 1 1 1 1 1 1 1 35 1 685 1 1 1 55 1 1 1 1 1 1 1 1 1 33 1 685 1 1 1 55 1 1 1 1 1 1 1 1 1 31 1 677 1 7 1 1 1 55 1 1 1 1 1 1 1 1 1 707 1 7 1 1 1 55 1 1 1 1 1 1 1 1 1 589 1 115 1 7 1 1 1 55 1 1 1 1 1 1 1 1 1 587 1 1 1 121 1 1 1 55 1 1 1 1 1 1 1 1 1 585 1 1 1 121 1 1 1 55 1 1 1 1 1 1 1 1 1 577 1 5 1 1 1 121 1 1 1 55 1 1 1 1 1 1 1 1 1 575 1 129 1 1 1 55 1 1 1 1 1 1 1 1 1 573 1 129 1 1 1 55 1 1 1 1 1 1 1 1 1 701 1 1 1 55 1 1 1 1 1 1 1 1 1 699 1 1 1 55 1 1 1 1 1 1 1 1 1 13 1 683 1 1 1 55 1 1 1 1 1 1 1 1 1 11 1 669 1 13 1 1 1 55 1 1 1 1 1 1 1 1 1 9 1 555 1 113 1 13 1 1 1 55 1 1 1 1 1 1 1 559 1 5 1 1 1 111 1 13 1 57 1 1 1 1 1 1 1 1 1 555 1 1 1 3 1 1 1 183 1 1 1 1 1 1 1 555 1 1 1 3 1 1 1 5 1 1 1 117 1 1 1 67 1 679 1 1 1 1 1 65 1 679 1 1 1 1 1 63 1 3 1 677 1 1 1 743 1 1 1 87 1 653 1 1 1 85 1 653 1 1 1 83 1 653 1 1 1 81 1 653 1 1 1 79 1 653 1 1 1 43 1 687 1 1 1 41 1 687 1 1 1 39 1 687 1 1 1 37 1 1 1 11 1 673 1 1 1 35 1 1 1 685 1 1 1 35 1 685 1 1 1 33 1 677 1 7 1 1 1 31 1 677 1 7 1 1 1 591 1 115 1 7 1 1 1 589 1 1 1 113 1 7 1 1 1 587 1 1 1 113 1 7 1 1 1 579 1 5 1 1 1 121 1 1 1 577 1 5 1 1 1 121 1 1 1 39 1 535 1 7 1 121 1 1 1 37 1 535 1 129 1 1 1 701 1 1 1 15 1 19 1 663 1 1 1 13 1 19 1 649 1 13 1 1 1 11 1 19 1 649 1 13 1 1 1 9 1 21 1 533 1 113 1 13 1 1 1 7 1 21 1 533 1 1 1 111 1 13 1 1 1 27 1 533 1 1 1 5 1 1 1 103 1 13 1 561 1 1 1 5 1 1 1 671 1 1 1 3 1 1 1 5 1 1 1 127 1 1 1 21 1 661 1 1 1 1 1 19 1 641 1 25 1 1 1 647 1 13 1 1 1 19 1 1 1 541 1 109 1 1 1 1 1 19 1 23 1 519 1 109 1 23 1 1 1 21 1 517 1 1 1 3 1 103 1 3 1 1 1 17 1 1 1 21 1 23 1 605 1 19 1 1 1 19 1 1 1 21 1 605 1 17 1 1 1 21 1 627 1 17 1 1 1 21 1 501 1 13 1 3 1 97 1 7 1 19 1 1 1 19 1 499 1 1 1 5 1 5 1 109 1 19 1 1 1 1 1 17 1 491 1 7 1 5 1 11 1 103 1 19 1 1 1 1 1 15 1 1 1 1 1 23 1 579 1 13 1 19 1 1 1 1 1 17 1 489 1 1 1 5 1 1 1 103 1 35 1 19 1 489 1 5 1 1 1 139 1 19 1 499 1 109 1 25 1 19 1 497 1 1 1 3 1 103 1 3 1 41 1 25 1 1 1 45 1 423 1 3 1 5 1 1 1 119 1 21 1 1 1 625 1 21 1 1 1 623 1 23 1 491 1 3 1 105 1 19 1 23 1 1 1 473 1 1 1 5 1 5 1 3 1 1 1 103 1 17 1 1 1 21 1 1 1 475 1 5 1 11 1 121 1 23 1 1 1 479 1 11 1 119 1 1 1 25 1 611 1 25 1 609 1 25 1 469 1 1 1 135 1 25 1 473 1 109 1 21 1 27 1 469 1 1 1 3 1 103 1 23 1 1 1 25 1 479 1 119 1 1 1 25 1 599 1 25 1 465 1 3 1 127 1 1 1 23 1 457 1 5 1 3 1 1 1 103 1 21 1 1 1 23 1 455 1 11 1 127 1 23 1 593 1 23 1 591 1 23 1 445 1 1 1 141 1 23 1 449 1 137 1 1 1 1 1 19 1 447 1 1 1 3 1 133 1 45 1 433 1 1 1 99 1 25 1 19 1 459 1 99 1 23 1 1 1 17 1 1 1 1 1 455 1 123 1 19 1 1 1 579 1 21 1 443 1 3 1 7 1 97 1 23 1 21 1 435 1 5 1 3 1 1 1 5 1 97 1 21 1 1 1 19 1 1 1 433 1 11 1 125 1 21 1 445 1 125 1 21 1 569 1 21 1 567 1 21 1 565 1 21 1 541 1 21 1 21 1 1 1 429 1 107 1 19 1 21 1 1 1 425 1 3 1 13 1 111 1 23 1 1 1 23 1 399 1 3 1 5 1 7 1 5 1 105 1 1 1 23 1 433 1 117 1 1 1 23 1 439 1 111 1 23 1 1 1 421 1 7 1 1 1 115 1 25 1 419 1 7 1 1 1 95 1 19 1 25 1 419 1 123 1 25 1 541 1 25 1 539 1 25 1 537 1 25 1 535 1 1 1 23 1 419 1 5 1 87 1 23 1 23 1 409 1 7 1 91 1 21 1 1 1 21 1 1 1 415 1 113 1 23 1 415 1 113 1 1 1 21 1 1 1 397 1 7 1 1 1 5 1 111 1 1 1 23 1 1 1 401 1 1 1 119 1 23 1 1 1 1 1 1 1 517 1 27 1 1 1 515 1 29 1 513 1 29 1 511 1 429 1 85 1 23 1 419 1 5 1 3 1 105 1 1 1 417 1 5 1 109 1 47 1 1 1 359 1 1 1 19 1 101 1 23 1 385 1 7 1 113 1 1 1 21 1 1 1 389 1 91 1 21 1 1 1 23 1 381 1 1 1 5 1 89 1 19 1 1 1 1 1 21 1 381 1 1 1 5 1 111 1 1 1 21 1 379 1 1 1 117 1 1 1 1 1 1 1 17 1 1 1 497 1 1 1 1 1 21 1 19 1 477 1 21 1 495 1 21 1 465 1 427 1 1 1 7 1 493 1 5 1 3 1 129 1 369 1 5 1 7 1 101 1 23 1 1 1 359 1 7 1 91 1 21 1 1 1 23 1 365 1 9 1 81 1 19 1 1 1 1 1 23 1 365 1 7 1 101 1 1 1 23 1 359 1 5 1 89 1 21 1 23 1 355 1 97 1 19 1 1 1 21 1 1 1 451 1 1 1 17 1 1 1 1 1 19 1 451 1 1 1 15 1 1 1 1 1 1 1 17 1 1 1 449 1 15 1 1 1 1 1 1 1 19 1 467 1 1 1 19 1 469 1 19 1 467 1 19 1 11 1 455 1 1 1 17 1 15 1 333 1 91 1 23 1 17 1 15 1 331 1 9 1 81 1 21 1 1 1 15 1 15 1 331 1 9 1 103 1 17 1 15 1 331 1 111 1 17 1 15 1 419 1 1 1 19 1 1 1 371 1 77 1 1 1 17 1 1 1 371 1 77 1 17 1 1 1 467 1 1 1 463 1 1 1 463 1 1 1 11 1 433 1 17 1 15 1 339 1 15 1 71 1 15 1 1 1 13 1 1 1 345 1 95 1 15 1 441 1 15 1 341 1 97 1 15 1 437 1 15 1 351 1 67 1 371 1 7 1 1 1 5 1 1 1 59 1 33 1 351 1 1 1 59 1 11 1 367 1 1 1 5 1 67 1 369 1 77 1 1 1 345 1 91 1 1 1 1 1 435 1 3 1 339 1 93 1 1 1 1 1 431 1 1 1 349 1 1 1 87 1 55 1 289 1 1 1 5 1 69 1 7 1 1 1 321 1 9 1 1 1 85 1 9 1 1 1 319 1 9 1 1 1 71 1 25 1 1 1 1 1 1 1 1 1 1 1 309 1 79 1 29 1 1 1 1 1 1 1 1 1 329 1 19 1 35 1 33 1 1 1 1 1 1 1 1 1 297 1 25 1 3 1 1 1 49 1 37 1 1 1 1 1 1 1 1 1 323 1 91 1 1 1 1 1 1 1 1 1 289 1 7 1 1 1 5 1 1 1 65 1 1 1 53 1 277 1 1 1 79 1 1 1 1 1 51 1 277 1 1 1 119 1 1 1 1 1 1 1 295 1 1 1 5 1 11 1 95 1 289 1 1 1 5 1 57 1 53 1 5 1 1 1 345 1 51 1 1 1 3 1 1 1 345 1 51 1 5 1 1 1 271 1 71 1 1 1 47 1 7 1 263 1 7 1 71 1 1 1 317 1 7 1 71 1 1 1 315 1 79 1 1 1 313 1 79 1 1 1 347 1 43 1 1 1 345 1 7 1 35 1 1 1 343 1 7 1 35 1 1 1 329 1 11 1 7 1 35 1 1 1 327 1 11 1 7 1 35 1 1 1 325 1 3 1 15 1 35 1 1 1 323 1 3 1 1 1 49 1 1 1 325 1 1 1 49 1 1 1 323 1 1 1 49 1 1 1 321 1 1 1 49 1 1 1 321 1 49 1 1 1 369 1 1 1 367 1 1 1 303 1 61 1 1 1 293 1 7 1 1 1 11 1 5 1 41 1 1 1 299 1 1 1 11 1 5 1 41 1 1 1 297 1 1 1 11 1 5 1 41 1 1 1 295 1 1 1 5 1 5 1 5 1 41 1 7 1 289 1 5 1 11 1 47 1 295 1 11 1 45 1 13 1 269 1 1 1 5 1 11 1 33 1 15 1 1 1 5 1 343 1 1 1 5 1 343 1 5 1 281 1 7 1 5 1 29 1 9 1 5 1 5 1 333 1 3 1 1 1 3 1 1 1 335 1 5 1 335 1 281 1 7 1 3 1 1 1 27 1 1 1 13 1 5 1 331 1 297 1 95 1 225 1 5 1 29 1 9 1 3 1 3 1 325 1 1 1 1 1 1 1 51 1 235 1 27 1 35 1 1 1 1 1 1 1 1 1 1 1 43 1 1 1 1 1 187 1 1 1 51 1 1 1 325 1 1 1 1 1 45 1 1 1 1 1 231 1 27 1 5 1 51 1 65 1 173 1 79 1 65 1 1 1 167 1 3 1 23 1 5 1 1 1 45 1 1 1 1 1 1 1 55 1 173 1 27 1 5 1 1 1 43 1 1 1 1 1 1 1 1 1 53 1 201 1 5 1 1 1 43 1 1 1 1 1 1 1 53 1 1 1 205 1 1 1 43 1 1 1 1 1 1 1 1 1 51 1 167 1 37 1 1 1 43 1 1 1 1 1 1 1 1 1 49 1 161 1 5 1 1 1 35 1 1 1 45 1 1 1 1 1 1 1 47 1 161 1 5 1 1 1 35 1 1 1 43 1 1 1 1 1 1 1 1 1 207 1 5 1 1 1 35 1 1 1 43 1 1 1 1 1 1 1 1 1 205 1 5 1 1 1 35 1 1 1 43 1 1 1 1 1 1 1 1 1 203 1 7 1 35 1 1 1 43 1 1 1 1 1 1 1 1 1 209 1 35 1 1 1 43 1 1 1 1 1 1 1 1 1 207 1 35 1 1 1 43 1 1 1 1 1 1 1 1 1 241 1 1 1 43 1 1 1 1 1 1 1 1 1 239 1 1 1 43 1 1 1 1 1 1 1 1 1 211 1 25 1 1 1 43 1 1 1 1 1 1 1 209 1 1 1 25 1 1 1 43 1 1 1 1 1 1 1 207 1 1 1 25 1 1 1 43 1 1 1 1 1 1 1 205 1 27 1 1 1 43 1 1 1 1 1 205 1 27 1 1 1 43 1 1 1 1 1 1 1 205 1 23 1 1 1 41 1 1 1 1 1 1 1 1 1 203 1 23 1 1 1 41 1 1 1 1 1 1 1 1 1 201 1 23 1 1 1 41 1 1 1 1 1 1 1 1 1 181 1 41 1 43 1 1 1 1 1 1 1 1 1 265 1 1 1 1 1 1 1 1 1 209 1 57 1 1 1 1 1 1 1 1 1 181 1 9 1 9 1 11 1 1 1 57 1 3 1 1 1 7 1 159 1 3 1 23 1 5 1 1 1 55 1 13 1 187 1 5 1 1 1 53 1 1 1 205 1 1 1 51 1 1 1 205 1 1 1 49 1 1 1 205 1 1 1 49 1 167 1 37 1 1 1 47 1 5 1 161 1 1 1 35 1 1 1 51 1 161 1 1 1 35 1 1 1 49 1 19 1 143 1 35 1 1 1 211 1 35 1 1 1 209 1 17 1 17 1 1 1 243 1 1 1 241 1 1 1 213 1 25 1 1 1 209 1 1 1 9 1 15 1 209 1 1 1 25 1 37 1 169 1 1 1 25 1 1 1 33 1 169 1 3 1 23 1 1 1 201 1 3 1 23 1 1 1 203 1 23 1 1 1 29 1 171 1 23 1 1 1 27 1 171 1 23 1 1 1 25 1 195 1 1 1 23 1 195 1 1 1 21 1 173 1 21 1 1 1 193 1 21 1 1 1 181 1 9 1 21 1 1 1 1 1 67 1 1 1 107 1 9 1 9 1 11 1 1 1 177 1 31 1 73 1 103 1 103 1 103 1 31 1 11 1 1 1 1 1 1 1 1 1 165 1 23 1 11 1 1 1 1 1 1 1 161 1 27 1 163 1 35 1 163 1 43 1 1 1 1 1 1 1 207 1 1 1 1 1 1 1 131 1 1 1 1 1 61 1 1 1 1 1 1 1 1 1 123 1 23 1 1 1 1 1 157 1 9 1 19 1 1 1 167 1 19 1 1 1 165 1 19 1 1 1 163 1 19 1 1 1 161 1 19 1 1 1 179 1 179 1 1 1 157 1 17 1 1 1 155 1 17 1 1 1 153 1 17 1 1 1 151 1 17 1 1 1 149 1 1 1 15 1 1 1 139 1 9 1 15 1 1 1 137 1 9 1 15 1 137 1 9 1 15 1 133 1 1 1 9 1 15 1 1 1 129 1 1 1 1 1 23 1 1 1 131 1 23 1 1 1 129 1 23 1 1 1 127 1 23 1 1 1 125 1 23 1 1 1 147 1 1 1 123 1 21 1 1 1 1 1 119 1 21 1 1 1 1 1 117 1 21 1 119 1 25 1 113 1 137 1 291 1 265 1 1 1 121 1 5 1 1 1 103 1 17 1 1 1 103 1 13 1 5 1 5 1 101 1 11 1 353 1 5 1 103 1 3 1 103 1 5 1 103 1 5 1 217 1 199 1 197 1 5 1 93 1 93 1 267 1 3 1 7 1 71 1 7 1 1 1 79 1 1 1 1 1 157 1 77 1 1 1 5 1 1 1 59 1 73 1 141 1 5 1 1 1 63 1 1 1 59 1 5 1 61 1 57 1 11 1 57 1 5 1 99 1 7 1 7 1 41 1 3 1 41 1 13 1 133 1 27 1 1 1 13 1 1 1 65 1 35 1 1 1 9 1 95 1 23 1 39 1 33 1 117 1 -194009 -871 -12 1 -2
1 2 175 -167 1 -12 5 -6 2 -1 1 8 1 3 6450 1729 -8188 190090 1 -142 -1 -189952 1 1 1 1 1 59 1 1 1 1 1 1 1 57 1 1 1 1 1 67 1 679 1 1 1 1 1 1 1 57 1 1 1 1 1 1 1 57 1 1 1 1 1 747 1 1 1 1 1 1 1 55 1 1 1 1 1 1 1 1 1 1 1 53 1 1 1 1 1 1 1 1 1 743 1 1 1 1 1 1 1 55 1 1 1 1 1 1 1 1 1 57 1 1 1 1 1 745 1 1 1 1 1 53 1 1 1 1 1 1 1 1 1 1 1 1 1 53 1 1 1 1 1 1 1 1 1 741 1 1 1 1 1 55 1 1 1 1 1 1 1 1 1 57 1 1 1 1 1 741 1 1 1 1 1 53 1 1 1 1 1 1 1 1 1 1 1 1 1 53 1 1 1 1 1 1 1 1 1 737 1 1 1 1 1 55 1 1 1 1 1 1 1 1 1 57 1 1 1 1 1 737 1 1 1 1 1 53 1 1 1 1 1 1 1 1 1 1 1 1 1 53 1 1 1 1 1 1 1 1 1 733 1 1 1 1 1 55 1 1 1 1 1 1 1 1 1 57 1 1 1 1 1 733 1 1 1 1 1 53 1 1 1 1 1 1 1 1 1 1 1 1 1 53 1 1 1 1 1 1 1 1 1 41 1 687 1 1 1 1 1 55 1 1 1 1 1 1 1 1 1 57 1 1 1 1 1 41 1 687 1 1 1 1 1 53 1 1 1 1 1 1 1 1 1 1 1 1 1 53 1 1 1 1 1 1 1 1 1 37 1 687 1 1 1 1 1 55 1 1 1 1 1 1 1 1 1 57 1 1 1 1 1 39 1 685 1 1 1 1 1 53 1 1 1 1 1 1 1 1 1 1 1 1 1 53 1 1 1 1 1 1 1 1 1 35 1 685 1 1 1 1 1 55 1 1 1 1 1 1 1 1 1 57 1 1 1 1 1 35 1 685 1 1 1 1 1 53 1 1 1 1 1 1 1 1 1 1 1 1 1 53 1 1 1 1 1 1 1 1 1 31 1 677 1 7 1 1 1 57 1 1 1 1 1 1 1 1 1 57 1 1 1 1 1 709 1 7 1 1 1 1 1 53 1 1 1 1 1 1 1 1 1 1 1 1 1 53 1 1 1 1 1 1 1 1 1 589 1 115 1 7 1 1 1 57 1 1 1 1 1 1 1 1 1 57 1 1 1 1 1 1 1 587 1 123 1 1 1 1 1 53 1 1 1 1 1 1 1 1 1 1 1 55 1 1 1 1 1 1 1 1 1 585 1 1 1 121 1 1 1 57 1 1 1 1 1 1 1 1 1 57 1 1 1 1 1 1 1 577 1 129 1 1 1 1 1 53 1 1 1 1 1 1 1 1 1 1 1 55 1 1 1 1 1 1 1 1 1 575 1 129 1 1 1 57 1 1 1 1 1 1 1 1 1 55 1 1 1 1 1 1 1 1 1 703 1 1 1 1 1 55 1 1 1 1 1 1 1 1 1 55 1 1 1 1 1 1 1 1 1 701 1 1 1 57 1 1 1 1 1 1 1 1 1 55 1 1 1 1 1 1 1 1 1 699 1 1 1 1 1 55 1 1 1 1 1 1 1 1 1 55 1 1 1 1 1 1 1 1 1 697 1 1 1 1 1 55 1 1 1 1 1 1 1 1 1 55 1 1 1 1 1 1 1 1 1 11 1 683 1 1 1 1 1 55 1 1 1 1 1 1 1 1 1 55 1 1 1 1 1 1 1 1 1 559 1 5 1 113 1 13 1 1 1 1 1 55 1 1 1 1 1 1 1 1 1 55 1 1 1 1 1 1 1 1 1 557 1 1 1 3 1 127 1 1 1 57 1 1 1 1 1 1 1 57 1 1 1 1 1 1 1 1 1 555 1 1 1 3 1 1 1 125 1 59 1 1 1 1 1 59 1 1 1 1 1 1 1 555 1 1 1 3 1 1 1 7 1 175 1 1 1 1 1 61 1 1 1 1 1 555 1 1 1 3 1 1 1 5 1 1 1 117 1 1 1 1 1 57 1 1 1 1 1 67 1 679 1 1 1 1 1 1 1 55 1 1 1 1 1 1 1 1 1 63 1 679 1 1 1 1 1 1 1 53 1 1 1 1 1 1 1 1 1 63 1 679 1 1 1 1 1 1 1 51 1 1 1 1 1 1 1 1 1 1 1 1 1 741 1 1 1 1 1 53 1 1 1 1 1 1 1 1 1 741 1 1 1 1 1 51 1 1 1 1 1 1 1 1 1 1 1 1 1 83 1 653 1 1 1 1 1 53 1 1 1 1 1 1 1 1 1 83 1 653 1 1 1 1 1 51 1 1 1 1 1 1 1 1 1 1 1 1 1 79 1 653 1 1 1 1 1 53 1 1 1 1 1 1 1 1 1 733 1 1 1 1 1 51 1 1 1 1 1 1 1 1 1 1 1 1 1 41 1 687 1 1 1 1 1 53 1 1 1 1 1 1 1 1 1 41 1 687 1 1 1 1 1 51 1 1 1 1 1 1 1 1 1 1 1 1 1 37 1 687 1 1 1 1 1 53 1 1 1 1 1 1 1 1 1 37 1 1 1 685 1 1 1 1 1 51 1 1 1 1 1 1 1 1 1 1 1 1 1 33 1 1 1 685 1 1 1 1 1 53 1 1 1 1 1 1 1 1 1 35 1 685 1 1 1 1 1 51 1 1 1 1 1 1 1 1 1 1 1 1 1 31 1 677 1 7 1 1 1 55 1 1 1 1 1 1 1 1 1 31 1 677 1 7 1 1 1 1 1 51 1 1 1 1 1 1 1 1 1 1 1 1 1 27 1 561 1 115 1 7 1 1 1 55 1 1 1 1 1 1 1 1 1 589 1 115 1 7 1 1 1 1 1 51 1 1 1 1 1 1 1 1 1 1 1 1 1 579 1 5 1 1 1 113 1 7 1 1 1 55 1 1 1 1 1 1 1 1 1 579 1 5 1 1 1 121 1 1 1 1 1 51 1 1 1 1 1 1 1 1 1 1 1 577 1 5 1 1 1 121 1 1 1 55 1 1 1 1 1 1 1 1 1 575 1 7 1 121 1 1 1 1 1 53 1 1 1 1 1 1 1 1 1 573 1 129 1 1 1 55 1 1 1 1 1 1 1 1 1 701 1 1 1 1 1 53 1 1 1 1 1 1 1 1 1 15 1 19 1 663 1 1 1 55 1 1 1 1 1 1 1 1 1 13 1 19 1 649 1 13 1 1 1 1 1 53 1 1 1 1 1 1 1 1 1 11 1 19 1 535 1 113 1 13 1 1 1 1 1 53 1 1 1 1 1 1 1 1 1 9 1 555 1 113 1 13 1 1 1 55 1 1 1 1 1 1 1 1 1 1 1 5 1 549 1 1 1 3 1 1 1 111 1 13 1 57 1 1 1 1 1 1 1 1 1 555 1 1 1 3 1 1 1 5 1 1 1 103 1 69 1 1 1 1 1 1 1 1 1 555 1 1 1 3 1 1 1 5 1 1 1 117 1 1 1 1 1 65 1 1 1 1 1 675 1 1 1 1 1 1 1 63 1 3 1 675 1 1 1 1 1 1 1 61 1 3 1 675 1 1 1 1 1 1 1 59 1 3 1 677 1 1 1 1 1 61 1 23 1 653 1 1 1 1 1 83 1 653 1 1 1 1 1 81 1 653 1 1 1 1 1 79 1 653 1 1 1 1 1 43 1 33 1 653 1 1 1 1 1 41 1 33 1 653 1 1 1 1 1 39 1 11 1 1 1 673 1 1 1 1 1 37 1 11 1 1 1 673 1 1 1 1 1 35 1 1 1 9 1 1 1 673 1 1 1 1 1 33 1 1 1 11 1 1 1 671 1 1 1 33 1 1 1 11 1 1 1 663 1 7 1 1 1 1 1 31 1 13 1 663 1 7 1 1 1 1 1 29 1 15 1 545 1 115 1 7 1 1 1 29 1 15 1 545 1 115 1 7 1 1 1 1 1 41 1 545 1 1 1 113 1 7 1 1 1 581 1 5 1 1 1 113 1 7 1 1 1 1 1 39 1 537 1 5 1 1 1 113 1 7 1 1 1 41 1 535 1 5 1 1 1 121 1 1 1 1 1 37 1 535 1 5 1 1 1 5 1 115 1 1 1 37 1 535 1 7 1 121 1 1 1 1 1 33 1 1 1 533 1 129 1 1 1 15 1 17 1 1 1 663 1 1 1 1 1 11 1 19 1 649 1 13 1 1 1 11 1 19 1 1 1 533 1 113 1 13 1 1 1 9 1 19 1 1 1 533 1 1 1 111 1 13 1 1 1 1 1 5 1 21 1 533 1 1 1 111 1 13 1 1 1 27 1 527 1 1 1 3 1 1 1 5 1 1 1 103 1 13 1 27 1 1 1 525 1 1 1 3 1 1 1 5 1 1 1 145 1 525 1 1 1 3 1 1 1 5 1 1 1 117 1 9 1 1 1 1 1 17 1 1 1 659 1 1 1 1 1 1 1 19 1 641 1 25 1 1 1 21 1 511 1 113 1 13 1 1 1 19 1 1 1 21 1 1 1 517 1 1 1 107 1 1 1 1 1 19 1 1 1 21 1 19 1 499 1 109 1 1 1 19 1 1 1 1 1 19 1 1 1 19 1 497 1 1 1 3 1 103 1 3 1 1 1 17 1 1 1 1 1 19 1 21 1 1 1 605 1 17 1 1 1 1 1 19 1 1 1 19 1 1 1 605 1 17 1 1 1 1 1 19 1 21 1 1 1 595 1 7 1 17 1 1 1 1 1 17 1 1 1 1 1 21 1 477 1 1 1 11 1 3 1 97 1 7 1 17 1 1 1 1 1 1 1 17 1 1 1 21 1 1 1 467 1 5 1 1 1 5 1 5 1 3 1 1 1 95 1 7 1 17 1 1 1 1 1 1 1 15 1 1 1 1 1 21 1 1 1 465 1 5 1 1 1 5 1 11 1 103 1 17 1 1 1 1 1 1 1 15 1 1 1 1 1 21 1 1 1 1 1 463 1 11 1 101 1 13 1 19 1 1 1 1 1 15 1 1 1 1 1 23 1 463 1 1 1 5 1 1 1 103 1 33 1 1 1 17 1 1 1 25 1 461 1 1 1 5 1 1 1 117 1 21 1 1 1 17 1 25 1 473 1 109 1 3 1 19 1 1 1 19 1 497 1 1 1 3 1 103 1 3 1 19 1 1 1 17 1 1 1 1 1 23 1 1 1 45 1 423 1 3 1 5 1 1 1 99 1 19 1 1 1 19 1 1 1 25 1 479 1 99 1 17 1 1 1 1 1 19 1 1 1 25 1 577 1 17 1 1 1 1 1 21 1 25 1 451 1 13 1 3 1 97 1 7 1 1 1 17 1 1 1 21 1 1 1 23 1 449 1 1 1 5 1 5 1 3 1 1 1 103 1 17 1 1 1 21 1 1 1 1 1 23 1 441 1 5 1 1 1 5 1 5 1 5 1 103 1 15 1 1 1 1 1 21 1 1 1 23 1 449 1 5 1 11 1 103 1 15 1 1 1 1 1 23 1 23 1 555 1 13 1 15 1 1 1 1 1 23 1 23 1 447 1 1 1 103 1 29 1 1 1 25 1 23 1 445 1 1 1 117 1 17 1 1 1 23 1 23 1 449 1 109 1 19 1 1 1 25 1 1 1 469 1 1 1 3 1 103 1 3 1 19 1 1 1 25 1 19 1 459 1 99 1 17 1 1 1 1 1 1 1 23 1 19 1 557 1 21 1 25 1 21 1 443 1 3 1 7 1 97 1 21 1 1 1 1 1 21 1 457 1 5 1 3 1 1 1 5 1 97 1 19 1 1 1 1 1 1 1 19 1 1 1 1 1 19 1 433 1 11 1 103 1 21 1 1 1 1 1 19 1 1 1 21 1 547 1 21 1 1 1 1 1 21 1 21 1 567 1 1 1 23 1 21 1 423 1 1 1 117 1 23 1 1 1 21 1 21 1 427 1 109 1 25 1 1 1 1 1 1 1 19 1 21 1 1 1 423 1 1 1 3 1 103 1 29 1 45 1 433 1 1 1 99 1 25 1 1 1 17 1 1 1 23 1 433 1 99 1 23 1 1 1 17 1 1 1 1 1 21 1 1 1 431 1 7 1 115 1 1 -103942
