24
24
48
24
48
24
48
24
48
24
24
24
48
24
48
24
48
24
24
24
48
24
24
48
48
48
24
24
24
48
24
24
24
48
48
24
24
24
24
24
24
24
24
24
24
24
24
48
48
24
24
24
24
24
24
24
24
24
48
24
48
24
24
24
24
24
48
16
48
48
24
48
48
24
24
48
24
24
24
48
48
24
48
48
24
48
48
24
24
24
24
48
24
24
24
24
24
24
24
24
24
24
48
48
48
48
24
48
48
24
48
24
24
24
48
24
24
24
24
48
24
24
24
24
24
24
24
48
24
24
48
24
48
24
24
24
48
24
48
24
24
48
48
48
24
24
24
24
48
24
24
24
48
24
24
24
24
24
24
24
24
48
24
24
24
24
48
24
48
24
48
24
24
24
24
48
24
24
24
24
48
24
24
48
48
48
48
24
48
48
24
48
203880
92424
147072
72936
37800
