24
6
24
6
24
6
24
6
24
6
24
6
24
6
24
6
24
6
24
6
24
6
24
6
24
6
24
6
24
6
24
6
24
6
24
6
24
6
24
6
24
6
24
6
24
6
24
6
24
6
24
6
24
6
24
6
24
6
24
6
24
6
24
6
24
6
24
6
24
6
24
6
24
6
24
6
24
6
24
6
24
6
24
6
24
6
24
6
24
6
24
6
24
6
24
6
24
6
24
6
24
6
24
6
24
6
24
6
24
6
24
6
24
6
24
6
24
6
24
6
24
6
24
6
24
6
24
6
24
6
24
6
24
6
16
4
24
6
24
6
24
6
24
6
24
6
24
6
24
6
24
6
24
6
24
6
24
6
24
6
24
6
24
6
24
6
24
6
24
6
24
6
24
6
24
6
24
6
24
6
24
6
24
6
24
6
24
6
24
6
24
6
24
6
48
6
24
6
24
6
24
6
24
6
24
6
24
6
24
6
24
6
24
6
24
6
24
6
24
6
24
6
24
6
24
6
24
6
24
6
24
6
24
6
24
6
24
6
24
6
24
6
24
6
24
6
24
6
24
6
24
6
24
6
24
6
24
6
24
6
24
6
24
6
24
6
24
6
24
6
24
6
24
6
24
6
24
6
24
6
24
6
24
6
24
6
24
6
24
6
24
6
24
6
24
6
24
6
24
6
24
6
24
6
24
6
24
6
24
6
24
6
24
6
24
6
24
6
24
6
24
6
24
6
24
6
24
6
24
6
24
6
24
6
24
6
24
6
24
6
24
6
24
6
24
6
24
6
24
6
24
6
24
6
24
6
24
6
24
6
24
6
24
6
24
6
24
6
24
6
24
6
24
6
24
6
24
6
24
6
24
6
24
6
136224
16990
67064
7702
101304
12256
53064
6078
23568
3150
