16
16
32
16
32
16
32
16
32
16
16
16
32
16
32
16
32
16
16
16
32
16
16
32
32
32
16
16
16
32
32
16
16
32
32
16
16
16
16
16
16
16
16
16
16
16
16
32
32
16
16
16
16
16
16
16
16
16
32
16
32
16
16
16
16
16
32
8
32
32
16
32
32
16
16
32
16
16
16
32
32
16
32
32
16
32
32
16
16
16
16
32
16
16
16
16
16
16
16
16
16
16
32
32
32
32
16
32
32
16
32
16
16
16
32
16
16
16
16
32
16
16
16
16
16
16
16
32
16
16
32
16
32
16
16
16
32
16
32
16
16
32
32
32
16
16
16
16
32
16
16
16
32
16
16
16
16
16
16
16
16
32
16
16
16
16
32
16
32
16
32
16
16
16
16
32
16
16
16
16
32
16
16
32
32
32
32
16
32
32
16
32
404664
132768
258072
102864
65976
