16
4
16
4
16
4
16
4
16
4
16
4
16
4
16
4
16
4
16
4
16
4
16
4
16
4
16
4
16
4
16
4
16
4
16
4
16
4
16
4
16
4
16
4
16
4
16
4
16
4
16
4
16
4
16
4
16
4
16
4
16
4
16
4
16
4
16
4
16
4
16
4
16
4
16
4
16
4
16
4
16
4
16
4
16
4
16
4
16
4
16
4
16
4
16
4
16
4
16
4
16
4
16
4
16
4
16
4
16
4
16
4
16
4
16
4
16
4
16
4
16
4
16
4
16
4
16
4
16
4
16
4
16
4
8
2
16
4
16
4
16
4
16
4
16
4
16
4
16
4
16
4
16
4
16
4
16
4
16
4
16
4
16
4
16
4
16
4
16
4
16
4
16
4
16
4
16
4
16
4
16
4
16
4
16
4
16
4
16
4
16
4
16
4
16
4
16
4
16
4
16
4
16
4
16
4
16
4
16
4
16
4
16
4
16
4
16
4
16
4
16
4
16
4
16
4
16
4
16
4
16
4
16
4
16
4
16
4
16
4
16
4
16
4
16
4
16
4
16
4
16
4
16
4
16
4
16
4
16
4
16
4
16
4
16
4
16
4
16
4
16
4
16
4
16
4
16
4
16
4
16
4
16
4
16
4
16
4
16
4
16
4
16
4
16
4
16
4
16
4
16
4
16
4
16
4
16
4
16
4
16
4
16
4
16
4
16
4
16
4
16
4
16
4
16
4
16
4
16
4
16
4
16
4
16
4
16
4
16
4
16
4
16
4
16
4
16
4
16
4
16
4
16
4
16
4
16
4
16
4
16
4
16
4
16
4
16
4
16
4
16
4
16
4
16
4
16
4
16
4
16
4
16
4
370776
33722
120624
11064
235928
21506
92112
8572
51568
5498
