24
24
48
24
48
24
48
24
48
24
24
24
48
24
48
24
48
24
24
24
48
24
24
48
48
48
24
24
24
48
24
24
24
48
48
24
24
24
24
24
24
24
24
24
24
24
24
48
48
24
24
24
24
24
24
24
24
24
48
24
48
24
24
24
24
24
48
16
48
48
24
48
48
24
24
48
24
24
24
48
48
24
48
48
24
48
48
24
24
24
24
48
24
24
24
24
24
24
24
24
24
24
48
48
48
48
24
48
48
24
48
24
24
24
48
24
24
24
24
48
24
24
24
24
24
24
24
48
24
24
48
24
48
24
24
24
48
24
48
24
24
48
48
48
24
24
24
24
48
24
24
24
48
24
24
24
24
24
24
24
24
48
24
24
24
24
48
24
48
24
48
24
24
24
24
48
24
24
24
24
48
24
24
48
48
48
48
24
48
48
24
48
4864104
9707712
9375672
10369056
7194912
