32
32
64
32
64
32
64
32
64
32
32
32
64
32
64
32
64
32
32
32
64
32
32
64
64
64
32
32
32
64
64
32
32
64
64
32
32
32
32
32
32
32
32
32
32
32
32
64
64
32
32
32
32
32
32
32
32
32
64
32
64
32
32
32
32
32
64
16
64
64
32
64
64
32
32
64
32
32
32
64
64
32
64
64
32
64
64
32
32
32
32
64
32
32
32
32
32
32
32
32
32
32
64
64
64
64
32
64
64
32
64
32
32
32
64
32
32
32
32
64
32
32
32
32
32
32
32
64
32
32
64
32
64
32
32
32
64
32
64
32
32
64
64
64
32
32
32
32
64
32
32
32
64
32
32
32
32
32
32
32
32
64
32
32
32
32
64
32
64
32
64
32
32
32
32
64
32
32
32
32
64
32
32
64
64
64
64
32
64
64
32
64
330471
99673
204445
75138
44952
