32
32
64
32
64
32
64
32
64
32
32
32
64
32
64
32
64
32
32
32
64
32
32
64
64
64
32
32
32
64
64
32
32
64
64
32
32
32
32
32
32
32
32
32
32
32
32
64
64
32
32
32
32
32
32
32
32
32
64
32
64
32
32
32
32
32
64
16
64
64
32
64
64
32
32
64
32
32
32
64
64
32
64
64
32
64
64
32
32
32
32
64
32
32
32
32
32
32
32
32
32
32
64
64
64
64
32
64
64
32
64
32
32
32
64
32
32
32
32
64
32
32
32
32
32
32
32
64
32
32
64
32
64
32
32
32
64
32
64
32
32
64
64
64
32
32
32
32
64
32
32
32
64
32
32
32
32
32
32
32
32
64
32
32
32
32
64
32
64
32
64
32
32
32
32
64
32
32
32
32
64
32
32
64
64
64
64
32
64
64
32
64
809328
265536
516144
205728
131952
