32
32
64
32
64
32
64
32
64
32
32
32
64
32
64
32
64
32
32
32
64
32
32
64
64
64
32
32
32
64
32
32
32
64
64
32
32
32
32
32
32
32
32
32
32
32
32
64
64
32
32
32
32
32
32
32
32
32
64
32
64
32
32
32
32
32
64
16
64
64
32
64
64
32
32
64
32
32
32
64
64
32
64
32
32
64
64
32
32
32
32
64
32
32
32
32
32
32
32
32
32
32
64
64
64
64
32
64
64
32
64
32
32
32
64
32
32
32
32
64
32
32
32
32
32
32
32
64
32
32
64
32
64
32
32
32
64
32
64
32
32
64
64
64
32
32
32
32
64
32
32
32
64
32
32
32
32
32
32
32
32
64
32
32
32
32
64
32
64
32
64
16
32
32
32
64
32
32
32
32
64
32
32
64
64
64
64
32
64
64
32
64
210336
151296
232560
119856
59232
