5930
3228
1753
1117
1260
966
891
3016
774
841
806
760
757
750
767
688
733
718
773
791
779
749
804
767
733
765
801
777
804
747
779
875
730
714
732
719
701
736
796
753
730
742
762
2835
761
762
722
712
738
731
780
694
770
806
724
729
733
884
747
758
733
2638
716
722
715
724
754
551
2672
707
732
741
698
814
759
822
783
717
703
717
744
730
750
2571
722
728
737
727
711
709
727
715
731
717
719
725
721
777
724
723
738
2384
713
758
761
730
755
719
1305
763
767
755
2505
722
781
790
688
757
764
774
712
723
721
3022
765
741
719
1361
781
788
2366
732
760
716
678
726
743
734
730
743
746
728
733
762
723
688
736
720
2820
760
740
718
704
704
707
789
711
735
739
710
738
751
760
684
722
737
750
719
744
749
728
724
742
2403
709
743
783
694
711
722
806
681
750
779
727
745
745
777
755
754
740
740
2635150
469559
823890
332997
297429
