2382
883
467
215
212
248
219
206
215
208
260
245
218
201
205
198
217
204
245
202
197
200
203
225
213
213
205
191
195
216
227
196
223
230
211
206
196
199
193
199
188
196
200
189
199
200
199
225
219
207
210
201
203
200
202
197
196
199
208
217
227
201
203
206
264
212
216
5973
297
259
238
240
651
254
218
239
253
230
235
261
259
233
243
246
234
237
243
224
219
233
215
244
228
218
226
216
226
227
231
234
237
232
453
230
230
225
228
223
240
223
222
226
233
227
270
246
194
201
197
218
198
198
199
191
260
214
197
223
263
212
226
202
227
212
212
201
213
210
219
225
199
217
228
379
234
230
212
210
221
199
200
200
219
204
206
204
205
210
207
206
207
230
206
196
206
204
223
206
213
211
225
200
193
203
204
220
241
222
201
204
221
204
205
207
219
216
202
206
202
311
225
207
1048619
337539
667483
236968
147517
