6598706
21080
20824
12056
11777
11443
11167
28265
11436
11735
12899
11468
11240
11691
11218
11218
11095
11075
12443
11027
11002
11243
12031
11068
10784
10664
12466
12175
11070
10813
12003
11249
11257
11311
13038
11315
11312
14031
11624
11459
21199
19909
29109
19987
20374
20406
23470
20267
20406
20024
23288
21581
20779
19219
13466
12144
11548
11669
13355
11389
10764
10309
10573
17838
11126
10849
12713
6556
11296
10875
10955
10913
10584
11153
12402
10750
11679
10673
10625
12052
11031
10815
11936
10294
10909
10542
10977
12186
11090
10743
12790
11349
10391
11625
12263
10966
11342
14874
12468
11282
11035
11070
11195
10773
11129
10991
12204
10625
10878
10781
10479
10206
10756
11481
12551
10805
13259
10467
10362
10538
10387
10105
13942
10754
11002
10819
10247
11070
17057
10311
11622
11477
10186
10372
10216
10318
10485
10219
11461
11767
10529
10223
10772
10209
11590
10807
11790
10303
10288
10345
10254
10693
10078
10127
11456
9998
10123
10202
10484
10427
9903
10612
12942
10392
9875
9789
9860
9577
9703
9760
11117
9965
9885
10067
9897
9907
9574
9791
10756
9675
10978
9586
9674
9835
9603
11711
13162
10037
9826
9652
9535
9574
14800984
1840405
3055075
1425340
817742
