1993
29551
1051
441
374
273
228
231
225
233
261
312
217
225
237
215
222
392
435
1042
432
2198
501
329
267
228
277
219
227
249
217
236
232
225
219
231
230
223
325
227
225
224
220
217
217
227
219
223
227
219
222
300
217
219
221
216
217
323
229
226
276
355
235
224
225
221
224
195
238
232
224
232
226
228
220
219
219
220
219
225
228
225
225
224
227
228
224
234
219
217
220
223
216
218
231
219
272
218
216
222
217
226
226
219
219
218
217
226
226
305
225
226
218
222
225
217
220
220
220
226
221
225
216
225
222
215
221
226
237
224
229
220
229
270
218
220
236
218
222
242
220
236
226
225
220
224
221
216
225
217
237
226
225
228
459
231
234
228
217
211
227
229
222
229
227
271
225
229
232
220
237
208
213
214
209
219
212
220
217
227
226
220
220
284
239
218
222
230
229
225
225
220
716494
196096
372585
145257
91111
