1615318
24379
19250
11694
11287
10904
11056
13467
11041
10611
10623
10797
11774
10497
10665
10633
68991
21312
24758
17458
16639
14187
26165
16102
14104
13528
12968
9497
22264
12577
10325
9653
9377
9528
9318
9198
9197
9088
8669
8811
8586
8972
12353
8934
8730
8816
8842
9019
8902
8898
8945
8499
8427
8729
8763
8853
8958
8824
8831
9133
9090
8906
9126
21958
14730
15235
15761
15982
23509
11672
9822
9996
9602
8988
8898
9296
8907
8966
8639
8664
8960
8871
9071
34016
14051
53464
19032
16315
15672
15288
15974
15370
15200
14960
15005
15486
16030
15915
14970
13974
13426
25015
70588
17999
15733
15893
15368
50317
16349
14990
15548
15011
13772
13393
12928
12449
14256
13399
59025
13377
11646
11594
17590
11590
115551
20782
13224
18755
17571
12203
11705
11289
11486
11159
11877
12480
14799
29379
17913
31840
16058
11696
10129
12369
10370
10115
9974
9292
9021
9709
86292
12403
11062
10497
10234
9400
10729
10710
9968
9882
9808
9561
7651
8391
8781
10278
8574
9247
9820
9300
9701
14910
9239
8622
8858
9671
9353
9334
9449
9141
9053
8927
9879
9577
9301
53028
20358
10612
10524
14691
9081
8817
34299261
2993037
5884121
3029794
2489032
