17487
2348
1010
1982
525
534
523
1853
487
535
508
521
481
502
492
499
488
474
513
516
473
547
480
497
2367
520
641
493
2439
500
465
483
528
472
510
486
539
458
528
481
477
463
589
473
490
470
452
494
516
1746
494
2423
530
532
487
1969
831
515
566
538
452
483
500
535
492
476
539
498
547
553
506
521
2285
563
485
529
1897
483
484
509
557
488
529
495
554
685
531
502
487
464
470
504
477
464
511
503
483
2254
519
499
573
1792
607
493
500
648
466
610
482
496
486
532
556
507
535
508
507
486
1821
538
500
520
14914
1297
581
666
557
2618
587
597
543
611
504
484
552
460
526
861
527
2163
491
490
494
474
473
483
483
520
479
471
476
535
454
506
480
487
480
463
476
500
463
504
499
566
2392
513
533
479
1768
463
497
474
518
451
500
507
538
456
502
503
501
459
475
483
525
2025
494
506
491
1756
485
491
19320988915
40026470913
37046603381
39902363919
22909066049
