30198
6546
14192
6410
4986
6846
5836
5007
4637
7064
4744
4647
19671
10900
5700
4309
6825
6085
4575
4163
4083
3951
3818
3873
3998
3831
5881
3968
3827
3905
5730
3723
5601
4278
4057
3388
3867
3859
3786
3736
3716
3692
4492
3601
3713
3608
3916
3989
4150
4395
8568
6056
5325
7649
3969
3815
5648
3752
3977
3760
3830
7844
3317
3498
3378
3385
3404
2346
3523
3490
3311
4103
24393
3308
3551
3315
5411
3280
4241
3640
3497
3311
3292
3389
3401
3477
3443
3429
4215
4033
3433
3458
3422
4189
3482
3481
3400
5619
3282
3429
3324
5305
3460
3267
3353
3284
3778
3266
3368
3404
3348
3463
3655
3321
3275
3322
4584
3194
3281
3280
3495
3319
7544
3291
3864
5339
10051
4859
3568
3162
3265
3161
3290
3365
3277
3895
3383
3183
3281
3315
3281
3323
4232
5584
3450
3414
3359
5864
3360
3311
3356
7054
4019
3317
3326
3339
3275
3402
3266
3075
3369
3443
3238
3313
3413
3499
18812
3312
3657
3457
4277
3416
5632
3481
3419
18219
20845
3253
3125
3215
3217
3253
3439
3528
3532
4286
3343
3403
3390
6443
3490
3343
4997790
633586
1348371
388659
263923
