34359
4520
1158
945
798
880
740
1082
738
949
849
861
716
781
918
774
694
791
808
747
750
1068
793
724
727
818
764
768
971
754
724
967
854
765
766
1088
773
893
850
795
771
754
1023
848
773
861
838
780
749
1025
859
790
825
856
768
789
1108
781
763
764
749
3660
812
1074
737
852
755
831
786
771
4234
762
735
765
766
808
830
967
15612
749
1348
754
765
732
1102
770
743
773
794
765
801
977
772
768
822
779
783
932
1032
1180
2644
999
813
805
760
962
830
755
745
3307
755
769
964
722
684
756
740
874
766
906
718
740
943
761
741
783
990
738
841
952
726
769
705
1040
715
841
940
761
718
718
958
713
725
711
725
708
769
965
795
711
1075
706
698
702
1041
734
717
1062
4880
786
836
948
769
834
983
902
732
719
922
797
735
1060
781
750
790
745
775
795
1088
741
757
785
829
840
734
958
682
779
733
1124
830
754
3536716
1690689
1883048
1236785
962453
