45280
3990
1792
1332
1096
1143
1039
1035
1020
1017
1124
1059
1041
1057
1015
1057
1029
1014
1042
990
1059
992
994
1009
1001
1014
1073
1102
1051
1071
1083
1095
1008
1029
1011
1036
1012
1043
1082
1077
1026
1091
1062
1032
1027
1020
1064
1034
1027
1012
1044
1251
1164
1047
1086
1040
1004
1016
1062
1024
1046
1041
1239
1050
1030
1218
1058
887
1947
1022
1032
998
998
1009
1054
1051
1050
1037
1045
1141
1057
1246
1104
1054
1017
1090
1030
1042
1078
1043
1062
1039
1242
1050
1080
1013
1157
987
1029
997
1047
1052
1034
1042
1047
1040
1049
1266
1031
1278
1049
1049
1041
1033
1271
1023
1033
1030
1070
1112
1014
1026
1095
1034
1017
1028
1015
3750
1126
1007
1062
1018
1236
1013
1058
1010
1056
1061
1025
1034
1061
1050
1044
1038
1039
1005
1052
1030
1036
1021
1021
1038
1047
991
1019
1051
1076
1022
1739
1037
1035
1050
1011
1031
1024
1034
1089
1007
1064
1045
1074
1068
1043
1067
1031
1499
1814
1850
1892
2036
1972
1874
1842
1770
1846
1885
1938
1996
1812
1898
1855
1840
5210050
1014862
1950142
713274
469179
