14685
4042
1679
989
831
757
702
746
714
693
781
738
709
704
700
678
677
714
736
664
696
700
687
685
704
700
702
676
675
718
660
685
679
699
698
665
686
682
699
655
707
686
699
717
690
669
663
666
687
677
709
661
676
698
685
679
1103
681
664
650
691
690
661
770
698
660
675
615
665
668
710
688
711
699
744
695
717
690
710
684
674
661
764
720
682
706
889
677
726
686
725
720
679
713
721
697
708
923
733
698
710
722
733
710
709
730
710
723
722
730
716
694
711
725
733
1554
711
715
708
697
705
669
709
681
702
740
695
1652
818
687
725
674
709
700
711
681
717
668
706
671
712
672
708
671
703
675
698
681
714
689
714
673
740
705
726
858
667
741
692
690
713
709
673
802
702
675
738
732
716
688
737
691
685
684
717
736
712
687
715
702
726
705
747
711
711
712
809
683
904
981
742
731
2928796420
1002611477
1939595227
758504481
367213937
