1678
654
345
158
157
210
140
137
142
176
179
144
145
146
140
141
147
146
196
138
141
138
137
138
149
146
142
171
176
139
149
175
172
143
145
170
141
143
195
135
142
154
142
142
144
139
198
142
147
147
143
139
142
140
139
140
140
139
142
145
143
141
147
141
142
145
143
138
136
141
140
138
142
151
140
142
141
139
143
142
135
140
142
152
137
183
143
144
162
141
152
322
143
142
143
168
176
144
142
142
139
144
143
143
142
133
144
143
141
195
196
159
163
156
157
150
152
153
150
152
150
152
153
356
151
145
152
154
215
176
154
147
151
149
159
149
153
149
151
150
150
149
149
154
179
362
187
176
155
152
176
151
162
156
157
147
154
150
153
145
146
149
157
151
156
164
162
354
164
155
160
154
164
161
157
162
161
161
165
151
145
148
154
159
157
159
156
154
190
211
173
162
514007
179823
457137
192331
130596
