2005
856
1197
678
444
440
450
342
340
418
394
347
352
285
286
337
315
348
521
303
291
330
318
272
281
289
393
312
394
342
249
295
297
334
299
15065
329
365
486
297
333
350
283
257
322
329
355
326
412
363
357
344
338
337
314
375
373
341
339
287
359
346
425
344
398
377
311
250
348
263
329
367
328
312
294
307
354
301
291
267
277
338
344
376
361
327
313
326
299
304
304
310
433
287
307
326
333
318
337
418
358
374
359
285
274
744
387
345
321
464
313
363
348
356
334
383
328
404
373
293
415
370
332
382
413
415
404
396
425
413
312
365
352
506
397
413
416
335
392
383
325
317
347
365
355
374
379
363
341
396
344
333
335
326
321
413
340
617
368
343
347
355
352
316
338
321
358
319
295
309
284
338
337
358
349
327
331
400
304
311
263
358
329
318
293
449
269
340
363
328
367
291
579741
236167
632337
141489
91786
