5287
2592
1333
895
900
803
700
618
651
680
683
669
609
696
602
615
612
623
656
609
608
604
632
598
615
627
2533
609
618
650
662
710
623
598
581
602
694
584
630
661
621
592
610
605
589
628
661
625
594
613
604
2619
608
613
653
580
665
613
618
601
650
670
662
644
622
604
581
469
625
610
609
624
675
605
615
611
625
585
609
693
620
619
635
620
587
644
627
2330
610
601
651
601
618
606
824
657
648
660
616
663
612
598
603
631
655
639
620
581
831
612
628
639
622
601
615
630
2193
623
603
668
602
597
601
3062
623
608
578
1156
661
681
600
614
578
602
610
586
656
573
594
621
611
674
593
650
593
587
643
638
608
633
621
596
2024
649
596
618
604
685
652
2333
795
715
654
645
595
587
586
554
605
588
767
632
655
588
641
609
674
586
646
609
643
592
611
614
598
647
633
585
608
614
616
629
2744401
452345
808640
336843
206364
