7279
2304
998
651
547
1097
612
525
577
605
596
734
597
850
634
729
916
715
640
558
686
531
578
587
2093
562
613
592
560
817
722
613
569
584
1515
1139
1017
1047
966
1023
1000
935
856
18511
1252
3676
1256
912
685
610
593
616
554
617
579
581
570
590
8764
596
704
634
650
608
709
585
543
588
614
1129
909
704
620
664
630
646
599
587
617
581
671
651
630
579
589
769
594
663
602
2330
566
609
595
544
585
698
558
612
93049
32291
855
515
610
493
483
442
487
465
484
494
463
488
548
1835
558
619
513
516
504
504
445
447
527
504
459
489
460
452
461
574
1973
444
480
436
422
471
485
689
420
445
429
415
772
825
2656
760
677
695
679
723
766
853
804
901
815
728
773
756
714
792
830
2761
748
792
464
406
498
491
415
450
478
478
423
425
483
456
452
463
496
397
519
443
955
563
700
1983
444
475
467
414
472
466
1224853
399819
811289
310473
156944
