13145
2634
1670
1335
992
908
507
502
489
485
469
2449
428
484
387
388
420
411
418
407
437
381
433
446
433
444
440
389
371
442
470
629
3462
1667
727
570
447
410
761
425
451
421
376
407
423
418
384
400
365
363
394
463
405
433
415
377
384
372
396
429
393
378
373
433
392
368
411
303
415
388
386
406
389
406
436
676
393
367
1942
1023
692
529
519
409
436
2355
426
398
435
458
394
436
395
405
440
394
419
444
378
430
434
395
411
412
442
383
445
480
461
527
403
444
448
397
406
399
395
1319
1935
1086
912
607
474
500
424
451
417
1584
806
453
518
410
470
446
406
681
480
413
443
414
446
443
574
425
417
411
467
413
457
431
377
393
394
385
503
458
461
510
424
406
563
492
421
421
452
452
457
429
410
732
563
441
395
324
466
426
332
384
367
360
368
370
346
384
381
2182
416
379
405
568
409
343
2065372
191851
344846
142589
88851
