3861
1027
686
233
201
275
189
180
184
182
222
7742
227
237
189
185
197
179
177
177
230
185
203
189
211
183
177
200
175
188
184
175
232
225
225
176
175
680
190
182
175
175
176
178
187
178
180
187
187
175
177
175
175
178
182
180
177
177
210
176
190
175
175
189
420
305
328
11475
300
191
176
187
228
182
182
189
183
180
177
189
186
176
189
185
175
189
186
181
178
178
178
186
176
177
177
181
179
237
180
175
181
213
186
198
250
225
221
222
179
183
181
222
194
178
198
178
177
176
179
188
177
177
178
177
177
183
179
199
385
391
399
215
186
175
175
179
185
177
186
186
178
190
191
191
175
178
176
245
191
256
178
179
185
410
215
179
176
174
220
177
451
365
330
332
295
335
388
306
308
289
303
296
321
309
310
321
399
347
315
461
293
323
318
379
339
338
296
330
259
629
426
318
1170537
364267
1066776
429856
263786
