12248
5993
1467
852
875
759
732
704
749
726
714
702
668
658
674
698
674
650
692
705
662
646
656
648
683
670
690
687
699
669
673
671
738
671
661
677
659
616
711
680
645
686
647
655
665
664
632
664
636
653
648
2921
728
651
650
632
635
637
680
2452
645
654
663
634
643
641
2509
492
701
659
628
665
686
2432
640
653
652
669
650
666
682
631
668
654
636
656
655
635
613
656
630
2416
650
620
672
612
635
3656
4864
981
773
670
800
715
679
649
670
679
661
647
646
647
710
629
690
633
2220
628
687
744
696
641
620
2277
662
631
665
2215
698
646
670
615
649
622
703
646
666
689
652
634
612
628
700
638
641
633
609
660
2818
607
645
630
633
633
635
659
621
671
633
646
626
666
623
945
646
689
645
623
650
625
667
653
673
616
627
652
623
607
617
620
656
626
627
683
640
641
652
2975
665
994
638
649
3409804
490789
787942
336862
214331
