57782
4061
1887
1352
1156
1133
1078
1014
1100
2340
1097
1175
1063
1042
1079
1027
1054
1057
1041
1236
1051
1056
1054
1040
1033
1047
1311
1029
1042
1076
1110
1030
1015
1087
1064
1044
1049
1231
1065
1059
1047
1070
1066
1275
1062
1027
1097
1080
1044
1018
1061
1028
1154
1052
1226
1027
1045
1038
1756
1060
1027
1056
1056
1315
1083
1018
1838
900
1142
1051
1132
1041
1035
990
993
1074
1000
997
996
1016
1033
1029
1009
1186
1718
1021
1011
1020
1048
1019
1066
1068
1059
1061
1047
1026
1027
1049
1027
1031
1021
1223
1023
1020
999
1021
1048
1074
1078
1388
1095
995
1010
1048
1024
1061
1053
993
997
1244
1020
1060
1093
1067
6548
1173
1197
3881
1179
1085
1079
1038
1021
999
991
1023
1157
1182
977
962
986
1053
1112
953
1157
960
936
946
959
955
956
961
980
928
930
1159
944
943
921
917
961
950
965
932
940
933
943
942
1075
944
937
926
925
1124
934
949
980
956
918
1016
1115
936
1003
945
951
939
931
944
941
959
954
1096
5298031
1170649
2690624
820002
548975
