1012121
13494
15561
8632
9218
8286
7638
9776
7391
7417
7111
7222
7469
7313
7246
7107
32867
7947
7921
7883
7345
7142
6955
6690
6361
6399
6523
6600
6536
11405
7840
7053
6831
6495
6600
6376
6444
6615
6455
6232
6230
6300
11433
7650
6589
6589
6430
6553
7194
6387
6441
6370
6163
6355
6651
6092
6072
5976
6204
6126
6374
6376
6168
8222
6245
6440
9708
7612
6483
6387
6169
6093
6047
5939
5837
6083
5839
6407
6680
6316
6110
5675
5913
5802
5788
13684
7117
6024
5986
5919
6029
5862
5945
5681
5787
5593
6235
5901
5752
5600
5581
5807
28198
6995
6392
6269
6000
19131
6768
6181
5855
10498
6108
5557
29091
5861
5747
5561
5443
5479
5493
5453
10142
5703
5518
5452
5586
7628
11784
5827
5686
5416
5383
5660
5402
5030
5128
5043
4982
5357
5590
6583
7866
6700
6525
15221
8321
8027
8570
10304
5311
5308
5095
5095
5107
5021
4909
4869
4746
4877
12761
7306
7787
7265
7196
8617
7919
7858
7541
7348
7981
16646
570134
11571
9187
8585
8920
8088
7647
8744
7836
8334
7697
7777
7490
43326
55469
9809
8602
8313
7644
16278
28327531
3963738
7694267
2339212
1398990
