16016
1094
832
604
495
944
469
520
461
619
577
563
798
581
465
521
493
533
600
787
466
521
534
465
473
462
756
590
530
469
464
626
518
774
856
591
519
623
558
498
498
834
489
554
482
488
489
470
856
506
587
527
487
550
518
812
687
511
475
485
473
515
756
610
485
532
476
424
484
469
511
11596
1671
1425
1039
861
1062
642
779
1173
809
946
496
498
536
479
760
585
528
499
519
514
501
789
531
507
518
700
556
640
828
524
479
700
465
462
505
740
461
503
670
571
508
500
525
528
491
895
555
461
493
552
489
487
747
508
495
467
970
844
755
1149
895
929
987
846
823
942
1192
869
838
865
815
748
894
1202
1053
854
829
866
904
846
1080
835
960
914
872
1065
877
1096
983
843
1046
870
894
981
1206
986
797
1873
580
633
536
760
546
491
764
560
498
526
552
573
543
687
480
483
478
554
476
616
559
476
6468813
1364303
3336220
1049625
544517
