14489
4622
2254
1590
1520
1428
1399
1334
1305
1296
1344
1360
1288
1338
1330
1287
1321
1283
1293
1292
1302
1305
1273
1307
1412
1293
1314
1317
1314
1333
1319
1335
1631
1342
1313
1283
1343
1328
1275
1276
1289
1286
1298
1276
1290
1283
1264
1331
1306
1326
1321
1301
1290
1313
1290
1288
1301
1337
1357
1293
1331
1290
1321
1327
1583
1296
1393
1095
1353
1302
1292
1314
1287
1323
1309
14559
4397
1781
1527
1564
1453
1579
1335
1222
1250
1273
1292
1274
1265
1313
1240
1307
1294
1283
1263
1300
1703
1394
1247
1272
1264
1288
1304
1287
1319
1273
1277
1268
1308
1307
1264
1397
1272
1264
1268
1277
1304
1287
1294
1300
7503
1492
1276
1278
1258
1258
1605
3951
1385
1510
1339
4803
2376
1684
1355
1256
1327
1291
1257
1324
1277
1326
1272
1318
1316
1328
1286
1330
1281
1288
1277
1291
1298
1436
1283
1255
1282
1310
1250
1598
1253
1305
1258
1246
1282
1279
1253
1238
1250
3865
1315
1257
1228
1238
1259
1245
1253
1276
1280
1231
1217
1231
1245
1247
1256
1230
1259
1228
1232
1258
1265
1371
4198121
1873588
2696483
1112764
651953
