12434
3171
1400
998
735
716
680
649
620
692
679
733
660
605
669
646
2050
606
655
643
599
616
627
648
619
632
616
660
660
644
617
608
649
625
2044
602
635
615
627
613
604
2182
605
657
621
618
603
636
610
601
612
589
573
602
626
623
569
628
629
574
628
624
605
654
703
622
614
541
682
664
598
653
648
637
634
645
626
572
625
630
2035
585
617
608
645
682
633
671
584
628
608
600
624
619
614
577
632
634
608
684
678
609
621
663
667
2015
619
642
1149
1016
671
656
650
581
634
618
625
617
616
654
632
1025
699
619
637
609
702
1447
655
662
676
717
670
666
578
593
644
2472
619
646
612
605
627
626
599
578
864
623
630
663
2353
725
626
648
612
615
614
607
591
575
637
649
611
626
630
627
590
604
622
1984
602
653
614
614
627
644
2333
578
604
625
619
600
638
616
581
623
805
651
682
838
667
614
3506184
615901
761866
350596
194697
