2015
918
469
303
301
332
252
247
229
326
279
388
277
300
265
268
249
256
312
264
261
212
242
335
134
129
132
126
126
135
299
131
135
131
128
125
129
125
128
127
125
126
130
125
127
323
137
132
132
148
131
129
131
131
133
137
130
134
137
134
200
159
128
161
135
155
129
146
135
155
306
127
128
162
192
254
248
243
200
199
190
208
201
216
213
228
280
243
234
199
218
225
244
201
220
213
197
227
230
180
191
215
223
212
223
206
219
207
234
203
246
411
232
230
282
243
218
219
235
239
254
222
196
212
186
219
226
203
233
235
206
231
229
222
218
212
200
206
228
200
223
223
204
211
214
189
228
224
197
201
289
215
297
191
206
197
208
232
240
232
220
203
205
226
212
190
185
214
201
204
243
210
244
204
210
200
214
234
193
186
197
219
215
201
192
198
219
228
203
351
233
227
576289
267757
580792
224417
124065
