75372
16848
7168
8713
6375
9445
11936
9473
6299
6716
8175
7372
5563
5595
11314
6344
10031
8790
8081
8440
27532
5671
8917
5121
5079
5025
7577
4761
4886
4995
5101
5168
5174
5075
5166
4274
5010
4836
5034
5013
10699
7714
7283
5377
4935
5070
5165
5263
5273
5032
4860
7110
4808
4700
4847
4921
6784
4770
5050
4923
7711
4708
8431
4506
6899
4344
4378
3058
7123
4317
4467
5369
7325
4177
4412
4501
6218
4255
4322
4513
4581
4534
4323
4581
9268
3472
3632
3686
4636
4182
3549
3661
3473
6344
3524
3556
3645
6494
3435
3649
3543
3642
3550
3587
3622
3643
4290
3606
3546
3392
3519
3464
3805
3631
6461
3654
4512
3522
6407
3551
3704
3577
3630
3599
3613
3467
4788
4916
3712
3569
3636
3562
3561
3446
3370
4301
3719
3507
3676
6537
3615
3775
3785
6116
3645
3670
3600
3600
3595
3523
3530
4675
5706
4122
3784
3656
3559
3517
3566
3420
3520
3553
3559
3414
3530
3608
3633
3521
6285
3395
4525
3603
3729
3497
3561
3486
3540
3546
3542
3444
4429
3510
3735
4094
3602
4481
3456
3655
5176
4404
6130
3896
5821281
738042
1466756
627369
279246
