840040
32756
14047
9279
7223
6283
5990
5463
5497
7662
5344
5543
5392
5501
5731
7234
7126
5568
7530
5582
5544
5575
6971
7074
5463
5480
5456
14198
9535
8904
5865
5774
5562
5701
5599
7464
7457
12799
10310
10230
9241
12956
14119
5730
17181
5726
5329
5745
7311
6894
5478
5295
5198
5283
6939
8904
5622
5402
10286
5503
14243
11415
5778
5543
27862
13859
11780
26266
33266
9096
6183
5439
5207
5109
6715
6863
5093
7168
5014
5093
29012
17977
8036
8257
5652
32666
5472
7041
6515
4758
6027
7321
7019
9902
15365
5106
4757
5728
4645
4772
6117
6179
4537
6002
8192
4463
7594
9764
6627
4436
4341
4493
12010
10507
9043
4639
7072
9993
6307
5203
7158
6822
4740
7150
4659
4642
6542
7615
53897
11277
9159
29707
13931
16931
12450
9381
9942
9603
9554
11825
11873
14565
8492
8427
9044
8820
10990
10271
8678
9777
8536
8550
11613
13933
8688
8955
8138
10025
7814
10498
10504
8359
7685
12539
6578
7659
10620
6986
5229
5101
49751
11579
10994
7225
5123
5501
5989
4853
6457
6322
4688
4898
4734
4634
5378
6262
6260
4514
4678
5659
43831
6325
8095619
2180790
3150821
1741545
779698
