5586
1953
1115
784
632
629
606
621
644
754
694
653
659
779
584
621
630
608
662
642
651
563
645
692
2039
930
609
624
549
694
658
646
591
1284
740
648
561
583
619
591
595
590
2017
629
640
635
563
613
615
571
629
579
624
563
608
643
563
611
6542
2223
638
621
620
576
636
594
692
593
682
739
1146
1015
700
648
604
626
2221
669
663
669
586
629
616
601
592
677
660
606
617
621
631
653
13520
2566
558
539
459
479
476
439
2160
467
487
460
443
497
453
432
581
584
506
515
475
449
454
439
443
454
458
463
467
494
442
446
460
506
442
455
449
527
459
493
442
428
474
487
459
746
499
458
454
479
462
546
454
429
459
447
497
460
456
484
492
454
469
460
444
455
515
436
456
1750
391
304
282
283
246
264
254
249
270
267
1955
243
241
266
236
242
250
235
258
245
278
328
267
268
254
254
252
257
243
249
1827878
603995
1254425
458806
261231
