98001
10401
7775
7263
6574
6228
38127
8866
15430
4729
8964
17835
7168
5370
4307
4113
4064
4052
4209
4055
4230
4189
3926
4023
4279
4021
4176
6108
4315
4278
4150
4321
4075
4019
4119
3974
3846
5527
4169
3866
3848
5690
10390
8070
7873
8223
11522
4122
3403
3523
2959
3147
4018
2925
3051
3020
2863
2989
3669
3067
2929
2697
2683
4254
2881
2711
2905
1984
2813
2808
2947
3275
2990
2765
3084
5398
2891
2830
2950
2796
2586
3455
2961
2963
2912
2758
2997
2954
2966
2882
2805
2978
2849
3517
3850
5228
5977
7834
6999
3847
2953
3101
2847
2811
3144
2834
2769
2751
2726
2722
20298
2782
2716
2724
2670
2727
6453
2832
2479
2536
2615
2512
2733
2643
10398
6050
4983
6554
6507
4201
4671
4433
4504
4513
4476
4272
4985
4467
4149
6043
3181
2866
3193
4121
3487
6375
2653
2467
2367
2345
2506
2390
2488
2410
3545
9406
2750
2485
2364
2353
2364
2333
2254
2819
2525
2415
2390
2341
2324
2452
3653
3881
4846
4869
4327
4281
4360
4536
4233
4328
5714
4372
4272
4226
4063
6103
5684
5460
4817
4673
4703
3996
11070146
1185936
2443233
1285080
687499
