14341
2201
1163
690
564
481
474
431
450
454
13524
576
725
468
444
2509
421
401
432
391
410
416
394
416
425
374
455
399
386
467
410
449
404
418
405
389
407
408
444
386
443
386
414
392
2068
410
417
436
380
426
417
465
403
404
3174
1075
741
558
611
489
475
434
414
405
389
408
387
306
397
403
386
407
404
429
418
405
396
392
406
406
399
435
414
397
416
410
385
398
412
784
765
459
408
390
399
392
377
420
401
368
412
403
385
394
412
407
398
525
432
378
442
402
428
462
437
413
384
1108
546
415
382
399
397
416
406
392
412
1125
434
441
445
389
428
408
396
374
387
399
388
409
406
393
406
418
395
400
400
388
385
407
398
381
382
402
388
418
419
393
454
398
382
393
398
413
388
426
422
398
420
436
416
404
394
392
394
402
386
411
425
422
400
506
553
457
636
462
467
653
447
846
449
484
1718847
243627
351694
140555
87578
