11098
2533
853
455
463
519
473
438
454
433
439
450
449
454
452
405
444
419
464
419
435
405
401
448
443
457
417
400
408
446
429
426
414
446
435
421
405
414
413
419
422
405
537
412
407
413
422
448
450
416
419
409
403
418
430
403
792
479
434
426
430
410
419
411
453
413
454
460
435
446
421
447
431
415
417
428
418
428
429
442
435
424
423
424
428
964
489
433
435
414
415
448
433
435
426
423
438
597
416
422
429
438
443
420
447
435
432
436
430
437
425
451
442
417
421
437
437
420
421
466
431
405
467
422
423
421
429
1110
3247
642
487
433
425
419
443
409
447
636
465
414
431
454
445
438
426
415
424
412
436
420
428
429
437
421
415
416
410
411
581
455
433
461
411
410
426
410
429
447
419
423
441
417
412
429
425
430
436
428
426
435
441
426
417
463
451
440
440
438
452
429
436
430
17325243661
32010018947
33924633035
33136625595
20839971725
